6022144
35592.0
34294.0
33476.0
32763.0
32190.0
31621.0
31102.0
30623.0
30181.0
29754.0
29357.0
28970.0
28602.0
28271.0
27949.0
27635.0
27324.0
27018.0
26724.0
26434.0
26148.0
25874.0
25602.0
25343.0
25091.0
24845.0
24602.0
24371.0
24147.0
23924.0
23716.0
23508.0
23310.0
23119.0
22937.0
22757.0
22583.0
22411.0
22240.0
22069.0
21899.0
21734.0
21573.0
21423.0
21274.0
21126.0
20984.0
20845.0
20707.0
20569.0
20431.0
20298.0
20168.0
20039.0
19910.0
19782.0
19655.0
19529.0
19403.0
19278.0
19154.0
19034.0
18914.0
18798.0
18684.0
0
