6022144
35592.0
34294.0
33476.0
32763.0
32190.0
31621.0
31102.0
30623.0
30181.0
29754.0
29357.0
28970.0
28602.0
28271.0
27949.0
27635.0
27324.0
27018.0
26724.0
26434.0
26148.0
25874.0
25602.0
25343.0
25091.0
24845.0
24602.0
24371.0
24147.0
23924.0
23716.0
23508.0
23310.0
23119.0
22937.0
22757.0
22583.0
22411.0
22240.0
22069.0
21899.0
21734.0
21573.0
21423.0
21274.0
21126.0
20984.0
20845.0
20707.0
20569.0
20431.0
20298.0
20168.0
20039.0
19910.0
19782.0
19655.0
19529.0
19403.0
19278.0
19154.0
19034.0
18914.0
18798.0
18684.0
18574.0
18465.0
18358.0
18252.0
18146.0
18041.0
17939.0
17837.0
17737.0
17639.0
17542.0
17446.0
17350.0
17255.0
17161.0
17067.0
16975.0
16883.0
16794.0
16705.0
16617.0
16529.0
16442.0
16355.0
16269.0
16184.0
16099.0
16016.0
15934.0
15852.0
15770.0
15689.0
15608.0
15528.0
15448.0
15369.0
15291.0
15213.0
15136.0
15059.0
14983.0
14909.0
14836.0
14765.0
14695.0
14625.0
14555.0
14486.0
14418.0
14350.0
14283.0
14217.0
14152.0
14087.0
14022.0
13958.0
13894.0
13830.0
13767.0
13704.0
13642.0
13581.0
13520.0
13459.0
13398.0
13337.0
13276.0
13217.0
13159.0
13101.0
13046.0
12991.0
12936.0
12881.0
12827.0
12773.0
12720.0
12668.0
12616.0
12565.0
12514.0
12464.0
12414.0
12364.0
12314.0
12264.0
12215.0
12166.0
12118.0
12070.0
12022.0
11975.0
11928.0
11882.0
11837.0
11792.0
11747.0
11703.0
11659.0
11615.0
11571.0
11527.0
11484.0
11442.0
11400.0
11358.0
11316.0
11274.0
11232.0
11191.0
11150.0
11109.0
11068.0
11028.0
10988.0
10948.0
10908.0
10868.0
10828.0
10789.0
10750.0
10711.0
10672.0
10633.0
10594.0
10555.0
10517.0
10479.0
10441.0
10403.0
10366.0
10329.0
10292.0
10255.0
10218.0
10181.0
10145.0
10109.0
10073.0
10037.0
10001.0
9965.0
9930.0
9895.0
9860.0
9825.0
9790.0
9755.0
9720.0
9686.0
9652.0
9618.0
9584.0
9550.0
9517.0
9484.0
9451.0
9418.0
9385.0
9352.0
9319.0
9287.0
9255.0
9223.0
9191.0
9159.0
9127.0
9095.0
9063.0
9031.0
8999.166666666813
8967.333333333183
8935.5
8903.666666666817
8871.833333333183
8840.0
8809.0
8778.0
8747.0
8716.0
8685.0
8654.0
8624.0
8594.0
8564.0
8534.0
8504.0
8474.0
8444.0
8414.0
8384.0
8355.0
8326.0
8297.0
8268.0
8239.0
8210.0
8181.0
8153.0
8125.0
8097.0
8069.0
8041.0
8013.0
7986.0
7959.0
7932.0
7905.0
7878.0
7851.0
7824.0
7797.0
7771.0
7745.0
7719.0
7693.0
7667.0
7641.0
7615.0
7589.0
7563.0
7537.0
7511.0
7485.0
7460.0
7435.0
7410.0
7385.0
7360.0
7335.0
7311.0
7287.0
7264.0
7241.0
7218.0
7195.0
7172.0
7149.0
7126.0
7103.0
7081.0
7059.0
7037.0
7015.0
6993.0
6971.0
6949.0
6927.0
6905.0
6883.0
6861.0
6839.0
6817.0
6796.0
6775.0
6754.0
6733.0
6712.0
6691.0
6670.0
6649.0
6628.0
6607.0
6586.0
6565.0
6545.0
6525.0
6505.0
6485.0
6465.0
6445.0
6425.0
6405.0
6385.0
6365.0
6345.5
6326.5
6307.5
6288.5
6269.5
6250.5
6231.5
6212.5
6193.5
6175.0
6157.0
6139.0
6121.0
6103.0
6085.0
6067.0
6049.0
6031.0
6013.0
5995.0
5977.0
5959.0
5941.0
5923.000000000175
5905.399999999743
5887.799999999734
5870.199999999739
5852.5999999997475
5835.0
5818.0
5801.0
5784.0
5767.0
5750.0
5733.0
5716.0
5699.0
5682.0
5665.25
5649.0
5633.0
5617.0
5601.0
5585.0
5569.0
5553.0
5537.0
5521.0
5505.0
5489.0
5473.0
5457.0
5441.0
5425.0
5409.0
5393.0
5377.0
5361.0
5345.0
5330.0
5315.0
5300.0
5285.0
5270.0
5255.0
5240.0
5225.0
5210.0
5195.0
5180.0
5165.0
5150.0
5135.25
5121.0
5107.0
5093.0
5079.0
5065.0
5051.0
5037.0
5023.0
5009.0
4995.0
4981.0
4967.0
4953.0
4939.0
4925.0
4911.0
4897.0
4883.0
4869.25
4855.75
4842.5
4829.5
4816.5
4803.5
4790.5
4777.5
4764.5
4751.5
4738.5
4725.5
4712.5
4699.5
4686.5
4673.5
4660.5
4647.5
4634.5
4621.5
4608.5
4596.5
4584.5
4572.5
4560.5
4548.5
4536.5
4524.5
4512.5
4500.5
4488.5
4476.5
4464.5
4452.5
4440.5
4428.5
4416.5
4404.5
4392.5
4380.5
4368.5
4356.5
4344.5
4332.5
4320.5
4309.0
4298.0
4287.0
4276.0
4265.0
4254.0
4243.0
4232.0
4221.0
4210.0
4199.0
4188.0
4177.0
4166.0
4155.0
4144.0
4133.0
4122.0
4111.0
4100.0
4089.0
4078.0
4067.0
4056.0
4045.0
0
