6022144
35592.0
34294.0
33476.0
32763.0
32190.0
31621.0
31102.0
30623.0
30181.0
29754.0
29357.0
28970.0
28602.0
28271.0
27949.0
27635.0
27324.0
27018.0
26724.0
26434.0
26148.0
25874.0
25602.0
25343.0
25091.0
24845.0
24602.0
24371.0
24147.0
23924.0
23716.0
23508.0
23310.0
23119.0
22937.0
22757.0
22583.0
22411.0
22240.0
22069.0
21899.0
21734.0
21573.0
21423.0
21274.0
21126.0
20984.0
20845.0
20707.0
20569.0
20431.0
20298.0
20168.0
20039.0
19910.0
19782.0
19655.0
19529.0
19403.0
19278.0
19154.0
19034.0
18914.0
18798.0
18684.0
18574.0
18465.0
18358.0
18252.0
18146.0
18041.0
17939.0
17837.0
17737.0
17639.0
17542.0
17446.0
17350.0
17255.0
17161.0
17067.0
16975.0
16883.0
16794.0
16705.0
16617.0
16529.0
16442.0
16355.0
16269.0
16184.0
16099.0
16016.0
15934.0
15852.0
15770.0
15689.0
15608.0
15528.0
15448.0
15369.0
15291.0
15213.0
15136.0
15059.0
14983.0
14909.0
14836.0
14765.0
14695.0
14625.0
14555.0
14486.0
14418.0
14350.0
14283.0
14217.0
14152.0
14087.0
14022.0
13958.0
13894.0
13830.0
13767.0
13704.0
13642.0
13581.0
13520.0
13459.0
13398.0
13337.0
13276.0
13217.0
13159.0
13101.0
13046.0
12991.0
12936.0
12881.0
12827.0
12773.0
12720.0
12668.0
12616.0
12565.0
12514.0
12464.0
12414.0
12364.0
12314.0
12264.0
12215.0
12166.0
12118.0
12070.0
12022.0
11975.0
11928.0
11882.0
11837.0
11792.0
11747.0
11703.0
11659.0
11615.0
11571.0
11527.0
11484.0
11442.0
11400.0
11358.0
11316.0
11274.0
11232.0
11191.0
11150.0
11109.0
11068.0
11028.0
10988.0
10948.0
10908.0
10868.0
10828.0
10789.0
10750.0
10711.0
10672.0
10633.0
10594.0
10555.0
10517.0
10479.0
10441.0
10403.0
10366.0
10329.0
10292.0
10255.0
10218.0
10181.0
10145.0
10109.0
10073.0
10037.0
10001.0
9965.0
9930.0
9895.0
9860.0
9825.0
9790.0
9755.0
9720.0
9686.0
9652.0
9618.0
9584.0
9550.0
9517.0
9484.0
9451.0
9418.0
9385.0
9352.0
9319.0
9287.0
9255.0
9223.0
9191.0
9159.0
9127.0
9095.0
9063.0
9031.0
8999.166666666813
8967.333333333183
8935.5
8903.666666666817
8871.833333333183
8840.0
8809.0
8778.0
8747.0
8716.0
8685.0
8654.0
8624.0
8594.0
8564.0
8534.0
8504.0
8474.0
8444.0
8414.0
8384.0
8355.0
8326.0
8297.0
8268.0
8239.0
8210.0
8181.0
8153.0
8125.0
8097.0
8069.0
8041.0
8013.0
7986.0
7959.0
7932.0
7905.0
7878.0
7851.0
7824.0
7797.0
7771.0
7745.0
7719.0
7693.0
7667.0
7641.0
7615.0
7589.0
7563.0
7537.0
7511.0
7485.0
7460.0
7435.0
7410.0
7385.0
7360.0
7335.0
7311.0
7287.0
7264.0
7241.0
7218.0
7195.0
7172.0
7149.0
7126.0
7103.0
7081.0
7059.0
7037.0
7015.0
6993.0
6971.0
6949.0
6927.0
6905.0
6883.0
6861.0
6839.0
6817.0
6796.0
6775.0
6754.0
6733.0
6712.0
6691.0
6670.0
6649.0
6628.0
6607.0
6586.0
6565.0
6545.0
6525.0
6505.0
6485.0
6465.0
6445.0
6425.0
6405.0
6385.0
6365.0
6345.5
6326.5
6307.5
6288.5
6269.5
6250.5
6231.5
6212.5
6193.5
6175.0
6157.0
6139.0
6121.0
6103.0
6085.0
6067.0
6049.0
6031.0
6013.0
5995.0
5977.0
5959.0
5941.0
5923.000000000175
5905.399999999743
5887.799999999734
5870.199999999739
5852.5999999997475
5835.0
5818.0
5801.0
5784.0
5767.0
5750.0
5733.0
5716.0
5699.0
5682.0
5665.25
5649.0
5633.0
5617.0
5601.0
5585.0
5569.0
5553.0
5537.0
5521.0
5505.0
5489.0
5473.0
5457.0
5441.0
5425.0
5409.0
5393.0
5377.0
5361.0
5345.0
5330.0
5315.0
5300.0
5285.0
5270.0
5255.0
5240.0
5225.0
5210.0
5195.0
5180.0
5165.0
5150.0
5135.25
5121.0
5107.0
5093.0
5079.0
5065.0
5051.0
5037.0
5023.0
5009.0
4995.0
4981.0
4967.0
4953.0
4939.0
4925.0
4911.0
4897.0
4883.0
4869.25
4855.75
4842.5
4829.5
4816.5
4803.5
4790.5
4777.5
4764.5
4751.5
4738.5
4725.5
4712.5
4699.5
4686.5
4673.5
4660.5
4647.5
4634.5
4621.5
4608.5
4596.5
4584.5
4572.5
4560.5
4548.5
4536.5
4524.5
4512.5
4500.5
4488.5
4476.5
4464.5
4452.5
4440.5
4428.5
4416.5
4404.5
4392.5
4380.5
4368.5
4356.5
4344.5
4332.5
4320.5
4309.0
4298.0
4287.0
4276.0
4265.0
4254.0
4243.0
4232.0
4221.0
4210.0
4199.0
4188.0
4177.0
4166.0
4155.0
4144.0
4133.0
4122.0
4111.0
4100.0
4089.0
4078.0
4067.0
4056.0
4045.0
4034.0
4023.0
4012.5
4002.5
3992.5
3982.5
3972.5
3962.5
3952.5
3942.5
3932.5
3922.5
3912.5
3902.5
3892.5
3882.5
3872.5
3862.5
3852.5
3842.5
3832.5
3822.5
3812.5
3802.5
3792.5
3782.5
3772.5
3762.5
3752.5
3742.5
3732.5
3722.5
3712.5
3702.5
3692.5
3682.5
3672.5
3662.5
3652.5
3642.5
3632.5
3622.5
3612.5
3602.5
3593.0
3583.5
3574.5
3565.5
3556.5
3547.5
3538.5
3529.5
3520.5
3511.5
3502.5
3493.5
3484.5
3475.5
3466.5
3457.5
3448.5
3439.5
3430.5
3421.5
3412.5
3403.5
3394.5
3385.5
3376.5
3367.5
3358.5
3349.5
3340.5
3331.5
3322.5
3313.5
3304.5
3295.5
3286.5
3277.5
3268.5
3259.5
3250.5
3241.5
3233.5
3225.5
3217.5
3209.5
3201.5
3193.5
3185.5
3177.5
3169.5
3161.5
3153.5
3145.5
3137.5
3129.5
3121.5
3113.5
3105.5
3097.5
3089.5
3081.5
3073.5
3065.5
3057.5
3049.5
3041.5
3033.5
3025.5
3017.5
3009.5
3001.5
2993.5
2985.5
2977.5
2969.5
2961.5
2953.5
2945.5
2937.5
2929.5
2921.5
2913.5
2905.5
2897.5
2889.5
2881.5
2873.5
2865.5
2857.5
2849.5
2841.5
2833.5
2825.75
2818.25
2810.75
2803.5
2796.5
2789.5
2782.5
2775.5
2768.5
2761.5
2754.5
2747.5
2740.5
2733.5
2726.5
2719.5
2712.5
2705.5
2698.5
2691.5
2684.5
2677.5
2670.5
2663.5
2656.5
2649.5
2642.5
2635.5
2628.5
2621.5
2614.5
2607.5
2600.5
2593.5
2586.5
2579.5
2572.5
2565.5
2558.5
2551.5
2544.5
2537.5
2530.5
2523.5
2516.5
2509.5
2502.5
2495.5
2488.5
2481.5
2474.5
2467.75
2461.25
2455.0
2449.0
2443.0
2437.0
2431.0
2425.0
2419.0
2413.0
2407.0
2401.0
2395.0
2389.0
2383.0
2377.0
2371.0
2365.0
2359.0
2353.0
2347.0
2341.0
2335.0
2329.0
2323.0
2317.0
2311.0
2305.0
2299.0
2293.0
2287.0
2281.0
2275.0
2269.0
2263.0
2257.0
2251.0
2245.0
2239.0
2233.0
2227.0
2221.0
2215.0
2209.0
2203.0
2197.0
2191.0
2185.0
2179.0
2173.0
2167.0
2161.0
2155.0
2149.0
2143.0
2137.0
2131.0
2125.0
2119.0
2113.0
2107.0
2101.0
2095.0
2089.0
2083.0
2077.0
2071.0
2065.0
2059.0
2053.0
2047.0
2041.0
2035.0
2029.0
2023.0
2017.0
2011.0
2005.0
1999.0
1993.5
1988.5
1983.5
1978.5
1973.5
1968.5
1963.5
1958.5
1953.5
1948.5
1943.5
1938.5
1933.5
1928.5
1923.5
1918.5
1913.5
1908.5
1903.5
1898.5
1893.5
1888.5
1883.5
1878.5
1873.5
1868.5
1863.5
1858.5
1853.5
1848.5
1843.5
1838.5
1833.5
1828.5
1823.5
1818.5
1813.5
1808.5
1803.5
1798.5
1793.5
1788.5
1783.5
1778.5
1773.5
1768.5
1763.5
1758.5
1753.5
1748.5
1743.5
1738.5
1733.5
1728.5
1723.5
1718.5
1713.5
1708.5
1703.5
1698.5
1693.5
1689.5
1685.5
1681.5
1677.5
1673.5
1669.5
1665.5
1661.5
1657.5
1653.5
1649.5
1645.5
1641.5
1637.5
1633.5
1629.5
1625.5
1621.5
1617.5
1613.5
1609.5
1605.5
1601.5
1597.5
1593.5
1589.5
1585.5
1581.5
1577.5
1573.5
1569.5
1565.5
1561.5
1557.5
1553.5
1549.5
1545.5
1541.5
1537.5
1533.5
1529.5
1525.5
1521.5
1517.5
1513.5
1509.5
1505.5
1501.5
1497.5
1493.5
1489.5
1485.5
1481.5
1477.5
1473.5
1469.5
1465.5
1461.5
1457.5
1453.5
1449.5
1445.5
1441.5
1437.5
1433.5
1429.5
1425.5
1421.5
1417.5
1413.5
1409.5
1405.5
1401.5
1397.5
1393.5
1389.5
1385.5
1381.5
1377.5
1373.5
1369.5
1365.5
1361.5
1357.5
1353.5
1349.5
1345.5
1341.5
1337.5
1333.5
1329.5
1325.5
1321.5
1317.5
1313.5
1309.5
1305.5
1301.5
1297.5
1293.5
1289.5
1285.5
1281.5
1277.5
1273.5
1269.5
1265.5
1261.5
1257.5
1253.5
1249.5
1245.5
1241.5
1237.5
1233.5
1229.5
1225.5
1221.5
1217.5
1213.5
1209.5
1205.5
1201.5
1197.5
1193.5
1189.5
1185.5
1181.5
1177.5
1173.5
1169.5
1165.5
1161.5
1157.5
1153.5
1149.5
1145.5
1141.5
1137.5
1133.5
1129.5
1125.5
1121.5
1117.5
1113.5
1109.5
1105.5
1101.5
1097.5
1093.5
1089.5
1085.5
1081.5
1077.5
1073.5
1069.5
1065.5
1061.5
1057.5
1053.5
1049.5
1045.5
1041.5
1037.5
1033.5
1029.5
1025.5
1021.5
1017.5
1013.5
1010.0
1006.5
1002.9999999998981
999.6666666665697
0
