6022144
35592.0
34294.0
33476.0
32763.0
32190.0
31621.0
31102.0
30623.0
30181.0
29754.0
29357.0
28970.0
28602.0
28271.0
27949.0
27635.0
27324.0
27018.0
26724.0
26434.0
26148.0
25874.0
25602.0
25343.0
25091.0
24845.0
24602.0
24371.0
24147.0
23924.0
23716.0
23508.0
23310.0
23119.0
22937.0
22757.0
22583.0
22411.0
22240.0
22069.0
21899.0
21734.0
21573.0
21423.0
21274.0
21126.0
20984.0
20845.0
20707.0
20569.0
20431.0
20298.0
20168.0
20039.0
19910.0
19782.0
19655.0
19529.0
19403.0
19278.0
19154.0
19034.0
18914.0
18798.0
18684.0
18574.0
18465.0
18358.0
18252.0
18146.0
18041.0
17939.0
17837.0
17737.0
17639.0
17542.0
17446.0
17350.0
17255.0
17161.0
17067.0
16975.0
16883.0
16794.0
16705.0
16617.0
16529.0
16442.0
16355.0
16269.0
16184.0
16099.0
16016.0
15934.0
15852.0
15770.0
15689.0
15608.0
15528.0
15448.0
15369.0
15291.0
15213.0
15136.0
15059.0
14983.0
14909.0
14836.0
14765.0
14695.0
14625.0
14555.0
14486.0
14418.0
14350.0
14283.0
14217.0
14152.0
14087.0
14022.0
13958.0
13894.0
13830.0
13767.0
13704.0
13642.0
13581.0
13520.0
13459.0
13398.0
13337.0
13276.0
13217.0
13159.0
13101.0
13046.0
12991.0
12936.0
12881.0
12827.0
12773.0
12720.0
12668.0
12616.0
12565.0
12514.0
12464.0
12414.0
12364.0
12314.0
12264.0
12215.0
12166.0
12118.0
12070.0
12022.0
11975.0
11928.0
11882.0
11837.0
11792.0
11747.0
11703.0
11659.0
11615.0
11571.0
11527.0
11484.0
11442.0
11400.0
11358.0
11316.0
11274.0
11232.0
11191.0
11150.0
11109.0
11068.0
11028.0
10988.0
10948.0
10908.0
10868.0
10828.0
10789.0
10750.0
10711.0
10672.0
10633.0
10594.0
10555.0
10517.0
10479.0
10441.0
10403.0
10366.0
10329.0
10292.0
10255.0
10218.0
10181.0
10145.0
10109.0
10073.0
10037.0
10001.0
9965.0
9930.0
9895.0
9860.0
9825.0
9790.0
9755.0
9720.0
9686.0
9652.0
9618.0
9584.0
9550.0
9517.0
9484.0
9451.0
9418.0
9385.0
9352.0
9319.0
9287.0
9255.0
9223.0
9191.0
9159.0
9127.0
9095.0
9063.0
9031.0
8999.166666666813
8967.333333333183
8935.5
8903.666666666817
8871.833333333183
8840.0
8809.0
8778.0
8747.0
8716.0
8685.0
8654.0
8624.0
8594.0
8564.0
8534.0
0
