100000
99999.180991
99999.178291
99999.17736
99999.1729
99999.172891
99999.171091
99999.17099
99999.1684
99999.168391
99999.1666
99999.1657
99999.16464
99999.162991
99999.161182
99999.15912
99999.15835
99999.15649
99999.155773
99999.1536818
99999.15306
99999.1518527
99999.15176
99999.151273
99999.151273
99999.1509518
99999.150364
99999.149464
99999.1493
99999.1491409
99999.1491318
99999.1491318
99999.149
99999.14836
99999.14808
99999.1480708
99999.1473027
99999.1471508
99999.1462308
99999.1462216
99999.145864
99999.14554
99999.1454918
99999.1454827
99999.1454827
99999.1453207
99999.1446
99999.1445818
99999.14347
99999.143155
99999.1427527
99999.1425416
99999.1418518
99999.1418518
99999.1407108
99999.1391127
99999.138664
99999.1382027
99999.1379416
99999.137764
99999.137755
99999.1372927
99999.1372927
99999.13645
99999.1361306
99999.135964
99999.135955
99999.1350907
99999.1341421
99999.1336527
99999.1332307
99999.1327245
99999.132364
99999.1323007
99999.131455
99999.1309045
0
