100000
95.9495
95.7995
95.4995
95.3495
95.299
95.299
95.099
94.9485
94.8485
94.792005
94.7495
94.742505
94.499
94.495005
94.398
94.34601
94.1985
94.1975
94.148
94.099005
94.0985
94.048
93.99951
93.9985
93.950505
93.751515
93.73651
93.702015
93.698
93.68702
93.63851
93.63851
93.63851
93.5475
93.50451
93.504015
93.49151
93.448
93.39351
93.34402
93.34402
93.2975
93.247
93.247
93.19702
93.0416949
93.00151
92.958525
92.95251
92.925515
92.859525
92.7965
92.75651
92.7506349
92.747
92.70702
92.683015
92.662515
92.65753
92.6536149
92.60853
92.53703
92.51053
92.51004
92.4965
92.46202
92.41302
92.41204
92.36402
92.343515
92.31453
92.3140449
92.31404
92.31404
92.3135598
0
