100000
99999.185509
99999.181027
99999.181
99999.178318
99999.177427
99999.177409
99999.1774
99999.175627
99999.1755491
99999.1747
99999.1746482
99999.17463
99999.173818
99999.173809
99999.17372
99999.172918
99999.172918
99999.171127
99999.170182
99999.17016
99999.17008
99999.169318
99999.169309
99999.16924
99999.1691973
99999.1691882
99999.1691882
99999.1691609
99999.168391
99999.167527
99999.167491
99999.166609
99999.1666
99999.1664673
99999.1664582
99999.165718
99999.1657
99999.1655482
99999.1655391
99999.16553
99999.164791
99999.16462
99999.163918
99999.163891
99999.163882
99999.1637476
99999.163009
99999.163009
99999.163
99999.163
99999.162991
99999.162991
99999.1628
99999.1628
99999.162109
99999.162082
99999.1618991
99999.1618991
99999.161209
99999.1612
99999.1610073
99999.1609982
99999.160318
99999.160318
99999.1603
99999.160291
99999.1600882
99999.1600882
99999.16007
99999.159391
99999.159382
99999.15912
99999.15912
99999.158491
99999.158491
0
