100000
104.749
104.649
104.4995
104.4495
104.398
104.398
104.3495
104.349
104.2495
104.1995
104.148
104.0485
104.0485
103.9995
103.998
103.9485
103.9485
103.8995
103.8985
103.8985
103.848
103.799
103.749
103.7485
103.748
103.699
103.698
103.652505
103.5995
103.597
103.553505
103.5485
103.548
103.5475
103.503015
103.498
103.498
103.45302
103.449
103.449
103.4485
103.4485
103.4475
103.447
103.3995
103.3985
103.3975
103.2975
103.256505
103.2485
103.198
103.15701
103.15602
103.147
103.0995
103.0995
103.0995
103.098
103.05801
103.00752
102.9985
102.9985
102.9985
102.95901
102.95901
102.95802
102.9475
0
102.909015
102.899
0
102.898
102.898
102.85902
102.85902
0
