200000
100094.085
100093.628
100093.600505
100093.5975
100093.557
100092.578
100092.4185
100092.2356449
100091.70302
100091.62951
100091.44625
100091.299
100091.15353
100090.83718
100090.8342694
100090.72399
100090.68002
100090.66
100090.25202
100090.131
100090.10757
100090.093545
100090.05712
100089.9615598
100089.89352
100089.88704
100089.836535
100089.82876
100089.77437
100089.6755
100089.63752
100089.6357147
100089.6357147
100089.632025
100089.56759
100089.53392
100089.5313496
100089.527
100089.47753
100089.4735688
100089.4558896
100089.4299147
100089.40624
100089.325
100089.31552
100089.2662596
100089.2512
100089.242525
100089.2388
100089.216545
100089.2035543
100089.2030349
100089.20005
100089.17559
100089.1711
100089.1300249
100089.09362
100089.093515
100088.9961
100088.941
100088.904505
100088.88261
100088.86951
100088.86395
100088.73503
100088.619
100088.51003
100088.4649648
100088.4524088
100088.450035
100088.34053
100088.33309
100088.3127882
100088.310025
100088.2544782
100088.25162
100088.21813
100088.16503
100088.16456
0
