200000
100008.209999
100008.04776
100007.991927
100007.7582141
100007.73168
100007.41615
100007.31208
100007.11832
100007.03553
100007.011977
100006.995035
100006.778807
100006.769488
100006.703298
100006.62578
100006.61605
100006.3355872
100006.33459
100006.303231
100006.29678
100006.29376
100006.2419
100006.1810029
100006.09342
100006.0395328
100005.86259
100005.85648
100005.8488944
100005.84527
100005.791575
100005.7704136
100005.75946
100005.75696
100005.7525
100005.72838
100005.7200504
100005.703225
100005.692635
100005.667408
100005.6587536
100005.644
100005.638608
100005.619634
100005.6019904
100005.59944
100005.5805756
100005.5709104
100005.562964
100005.5482256
100005.51499
100005.49254
100005.4819856
100005.4807284
100005.47719
100005.473808
100005.4672656
100005.4335
100005.41585
100005.415137
100005.410372
100005.374112
100005.3694487
100005.3676
100005.34444
100005.3324064
100005.313914
100005.313231
100005.307636
100005.285232
100005.280363
100005.268774
100005.232455
100005.2244094
100005.22423
100005.21052
100005.1896712
100005.1826233
100005.1611546
100005.1385
0
