12500000
29756.0
29715.0
29674.0
29633.0
29593.0
29554.0
29516.0
29478.0
29441.0
29405.0
29369.0
29333.0
29297.0
29261.0
29225.0
29190.0
29155.0
29120.0
29085.0
29050.0
29015.0
28980.0
28945.0
28910.0
28876.0
28842.0
28808.0
28774.0
28740.0
28706.0
28672.0
28638.0
28604.0
28570.0
28536.0
28502.0
28468.0
28434.0
28400.0
28366.0
28332.0
28298.0
28265.0
28232.0
28199.0
28166.0
28133.0
28100.0
28067.0
28034.0
28001.0
27968.0
27935.0
27902.0
27869.0
27836.0
27803.0
27770.0
27737.0
27704.0
27671.0
27638.0
27605.0
27572.0
27540.0
27508.0
27476.0
0
