1250000000
7836991.1661799615
7829109.329701762
7821268.675011861
7813529.591952361
7805807.499226862
7798218.342610861
7790629.981895462
7783105.401819161
7775586.078525062
7768070.378091361
7760580.077982361
7753100.977202562
7745634.227694562
7738176.044333661
7730729.794157761
7723294.810491461
7715868.246092361
7708451.566742761
7701076.5454086615
7693718.729340461
7686365.659978962
7679029.127275761
7671696.4995617615
7664378.242080561
7657069.026626961
7649767.041011761
7642468.579714661
7635174.112189261
7627882.556132461
7620591.327959461
7613301.814994161
7606012.584578261
7598725.2426103605
7591448.703742161
7584174.968483161
7576916.770594661
7569662.1452551605
7562414.59281426
7555171.9409029605
7547933.5135271605
7540696.9702760605
7533461.85496146
7526228.899101861
7519011.15315456
7511801.511494361
7504593.7528013615
7497391.376833461
7490189.316696162
7482991.055458162
7475802.878531163
7468626.170750363
7461455.370502563
7454289.165019862
7447127.746441063
7439971.174582562
7432817.329644462
7425669.469620261
7418529.766911361
7411391.677516862
7404258.169944761
7397130.347542161
7390006.544457961
7382886.794314661
7375768.735923861
7368658.102412461
7361547.856065761
7354438.919137761
0
