20000000000
39570254.0
39367592.0
39165207.0
38962854.0
38760568.0
38558325.0
38356152.0
38154008.0
37951882.0
37749780.0
37547701.0
37345638.0
37143591.0
36941565.0
36739553.0
36537544.0
36335544.0
36133567.0
35931648.0
35729784.0
35527940.0
35326126.0
35124328.0
34922560.0
34720799.0
34519058.0
34317327.0
34115599.0
33913874.0
33712186.0
33510517.0
33308857.0
33107201.0
32905556.0
32703918.0
32502285.0
32300668.0
32099060.0
31897459.0
31695866.0
31494286.0
31292719.0
31091162.0
30889627.0
30688095.0
30486574.0
30285062.0
30083567.0
29882077.0
29680602.0
29479132.0
29277669.0
29076212.0
28874765.0
28673325.0
28471889.0
28270461.0
28069041.0
27867647.0
27666268.0
27464894.0
27263527.0
27062173.0
26860829.0
26659488.0
26458149.0
26256818.0
26055497.0
25854183.0
25652877.0
25451584.0
25250308.0
25049057.0
24847811.0
24646567.0
24445329.0
24244095.0
24042876.0
23841669.0
23640472.0
23439282.0
23238092.0
23036907.0
22835728.0
22634555.0
22433386.0
22232226.0
22031074.0
21829932.0
21628795.0
21427663.0
21226541.0
21025434.0
20824336.0
20623245.0
20422160.0
20221079.0
20020003.0
19818931.0
19617867.0
19416806.0
19215750.0
19014702.0
18813663.0
18612633.0
18411605.0
18210586.0
18009572.0
17808564.0
17607565.0
17406578.0
17205599.0
17004627.0
16803662.0
16602714.0
16401773.0
16200847.0
15999926.0
15799014.0
15598115.0
15397230.0
15196350.0
14995478.0
14794614.0
14593758.0
14392920.0
14192089.0
13991260.0
13790460.0
13589661.0
13388865.0
13188078.0
12987302.0
12786563.0
12585838.0
12385118.0
12184404.0
11983699.0
11782997.0
11582304.0
11381622.0
11180946.0
10980279.0
10779628.0
10578993.0
10378366.0
10177745.0
9977131.0
9776528.0
9575937.0
9375349.0
9174770.0
8974202.0
8773647.0
8573097.0
8372563.0
8172034.0
7971526.0
7771026.0
7570541.0
7370087.0
7169665.0
6969250.0
6768838.0
6568433.0
6368041.0
6167656.0
5967286.0
5766918.0
5566558.0
5366211.0
5165887.0
4965570.0
4765260.0
4564955.999999538
4364658.0
4164363.0
3964106.0
3763856.0
3563613.0
3363408.0
3163220.0
2963056.0
2762922.0
2562821.0
2362755.0
2162721.0
1962736.0
1762764.0
1562812.0
1362919.0
1163072.0
963260.0
763514.0
563831.0
364176.0
164629.0
64900.0
64506.0
64119.0
63736.0
63356.0
62979.0
62604.0
62231.0
61861.0
61490.9999999553
61123.0
60755.0
60389.0
60024.0
59660.0
59297.0
58935.0
58574.0
58214.0
57856.0
57498.0
57140.0000000298
56784.0
56429.0
56075.0
55721.0
55368.0
55016.0
54664.0
54312.0
53960.0
53609.0
53259.0
52909.0
52559.0
52211.0
51863.0
51515.0
51167.0
50819.0000000447
50473.0
50127.0
49781.0
49435.0
49089.0
48745.0
48401.0
48057.0
47713.0
47369.0
47025.00000011921
46683.0
46341.0
45999.0
45657.0
45315.0
44973.0
44631.0
44289.0
43947.0
43606.0
43266.0
42926.0
42586.00000013411
42248.0
41910.0
41572.0
41234.0
40896.0
40558.0
40222.0
39886.0
39550.0
39214.0
38878.0
38543.0
38209.0
37875.0
37541.0
37207.0
36873.0
36539.0
36205.0
35871.0
35539.0
35207.0
34875.0
34543.0
34211.0
33879.0
33547.0
33215.0
32883.0
32551.0
32218.99999999255
31889.0
31559.0
31229.0
30899.0
30569.0
30239.0
29909.0
29579.00000000745
29251.0
28923.0
28595.0
28267.0
27939.0
27611.0
27284.0
26958.0
26632.0
26306.0
25980.0
25654.0
25328.0
25002.0
24676.0
24350.0
24026.0
23702.0
23378.0
23054.000000029802
22732.0
22410.0
22088.0
21766.0
21444.0
21122.0
20800.0
20478.0
20156.0
19833.999999947846
19514.0
19194.0
18874.0
18554.0
18234.0
17914.0
17594.0
17276.0
16958.0
16640.0
16322.0
16004.0
15686.0
15368.0
15050.0
14732.0
14414.0
14098.0
13782.0
13466.0
13150.0
12834.0
12518.0
12203.0
11889.0
11575.0
11261.0
10947.0
10633.0
10321.0
10009.0
9697.0
9386.0
9076.0
8766.0
8456.0
8146.0
7838.0
7530.0
7222.0
6914.0
6605.999999992549
6300.0
5994.0
5688.0
5382.0
5076.0
4771.0
4467.0
4163.0
3860.0
3558.0
3256.0
2954.0
2654.0
2356.0
2058.0
1760.0
1464.0
1168.0
874.0
582.0
290.0
0.0
0.0
0.0
0.0
0.0
0.0
0.0
0.0
0.0
0.0
0.0
0.0
0.0
0.0
0.0
0.0
0.0
0.0
0.0
0.0
0.0
0.0
0.0
0.0
0.0
0.0
0.0
0.0
0.0
0.0
0.0
0.0
0.0
0.0
0.0
0.0
0.0
0.0
0.0
0.0
0.0
0.0
0.0
0.0
0.0
0.0
0.0
0.0
0.0
0.0
0.0
0.0
0.0
0.0
0.0
0.0
0.0
0.0
0.0
0.0
0.0
0.0
0.0
0.0
0.0
0.0
0.0
0.0
0.0
0.0
0.0
0.0
0.0
0.0
0
