20000000000
39570254.0
39367592.0
39165207.0
38962854.0
38760568.0
38558325.0
38356152.0
38154008.0
37951882.0
37749780.0
37547701.0
37345638.0
37143591.0
36941565.0
36739553.0
36537544.0
36335544.0
36133567.0
35931648.0
35729784.0
35527940.0
35326126.0
35124328.0
34922560.0
34720799.0
34519058.0
34317327.0
34115599.0
33913874.0
33712186.0
33510517.0
33308857.0
33107201.0
32905556.0
32703918.0
32502285.0
32300668.0
32099060.0
31897459.0
31695866.0
31494286.0
31292719.0
31091162.0
30889627.0
30688095.0
30486574.0
30285062.0
30083567.0
29882077.0
29680602.0
29479132.0
29277669.0
29076212.0
28874765.0
28673325.0
28471889.0
28270461.0
28069041.0
27867647.0
27666268.0
27464894.0
27263527.0
27062173.0
26860829.0
26659488.0
26458149.0
26256818.0
26055497.0
25854183.0
25652877.0
25451584.0
25250308.0
25049057.0
24847811.0
24646567.0
24445329.0
24244095.0
24042876.0
23841669.0
23640472.0
23439282.0
23238092.0
23036907.0
22835728.0
22634555.0
22433386.0
22232226.0
22031074.0
21829932.0
21628795.0
21427663.0
21226541.0
21025434.0
20824336.0
20623245.0
20422160.0
20221079.0
20020003.0
19818931.0
19617867.0
19416806.0
19215750.0
19014702.0
18813663.0
18612633.0
18411605.0
18210586.0
18009572.0
17808564.0
17607565.0
17406578.0
17205599.0
17004627.0
16803662.0
16602714.0
16401773.0
16200847.0
15999926.0
15799014.0
0
