100000000
239917.0
239874.0
239832.0
239791.0
239750.0
239709.0
239668.0
239628.0
239588.0
239548.0
239508.0
239468.0
239428.0
239388.0
239348.0
239309.0
239270.0
239231.0
239192.0
239153.0
239114.0
239075.0
239036.0
238998.0
238960.0
238922.0
238884.0
238846.0
238808.0
238770.0
238732.0
238694.0
238656.0
238618.0
238580.0
238542.0
238504.0
238466.0
238428.0
238390.0
238353.0
238316.0
238279.0
238242.0
238205.0
238168.0
238131.0
238094.0
238057.0
238020.0
237983.0
237946.0
237909.0
237872.0
237835.0
237798.0
237761.0
237724.0
237687.0
237650.0
237613.0
237576.0
237539.0
237502.0
237465.0
237428.0
237391.0
237354.0
237317.0
237280.0
237243.0
237206.0
237169.0
237132.0
237095.0
237058.0
237021.0
236984.0
236947.0
236911.0
236875.0
236839.0
236803.0
236767.0
236731.0
236695.0
236659.0
236623.0
236587.0
236551.0
236515.0
236479.0
236443.0
236407.0
236371.0
236335.0
236299.0
236263.0
236227.0
236191.0
236155.0
236119.0
236083.0
236047.0
236011.0
235975.0
235939.0
235903.0
235867.0
235831.0
235795.0
235759.0
235723.0
235687.0
235651.0
235615.0
235579.0
235543.0
235507.0
235471.0
235435.0
235399.0
235363.0
235327.0
235291.0
235255.0
235219.0
235183.0
235147.0
235112.0
235077.0
235042.0
235007.0
234972.0
234937.0
234902.0
234867.0
234832.0
234797.0
234762.0
234727.0
234692.0
234657.0
234622.0
234587.0
234552.0
234517.0
234482.0
234447.0
234412.0
234377.0
234342.0
234307.0
234272.0
234237.0
234202.0
234167.0
234132.0
234097.0
234062.0
234027.0
233992.0
233957.0
233922.0
233887.0
233852.0
233817.0
233782.0
233747.0
233712.0
233677.0
233642.0
233607.0
233572.0
233537.0
233502.0
233467.0
233432.0
233397.0
233362.0
233327.0
233292.0
233257.0
233222.0
233187.0
233152.0
233117.0
233082.0
233047.0
233012.0
232977.0
232942.0
232907.0
232872.0
232837.0
232802.0
232767.0
232732.0
232697.0
232662.0
232627.0
232592.0
232557.0
232523.0
232489.0
232455.0
232421.0
232387.0
232353.0
232319.0
232285.0
232251.0
232217.0
232183.0
232149.0
232115.0
232081.0
232047.0
232013.0
231979.0
231945.0
231911.0
231877.0
231843.0
231809.0
231775.0
231741.0
231707.0
231673.0
231639.0
231605.0
231571.0
231537.0
231503.0
231469.0
231435.0
231401.0
231367.0
231333.0
231299.0
231265.0
231231.0
231197.0
231163.0
231129.0
231095.0
231061.0
231027.0
230993.0
230959.0
230925.0
230891.0
230857.0
230823.0
230789.0
230755.0
230721.0
230687.0
230653.0
230619.0
230585.0
230551.0
230517.0
230483.0
230449.0
230415.0
230381.0
230347.0
230313.0
230279.0
230245.0
230211.0
230177.0
230143.0
230109.0
230075.0
230041.0
230007.0
229973.0
229939.0
229905.0
229871.0
229837.0
229803.0
229769.0
229735.0
229701.0
229667.0
229633.0
229599.0
229565.0
229531.0
229497.0
229463.0
229429.0
229395.0
229361.0
229327.0
229293.0
229259.0
229225.0
229191.0
229157.0
229123.0
229089.0
229055.0
229021.0
228987.0
228953.0
228919.0
228885.0
228851.0
228817.0
228783.0
228749.0
228715.0
228681.0
228647.0
228613.0
228579.0
228545.0
228511.0
228477.0
228443.0
228409.0
228375.0
228341.0
228307.0
228273.0
228239.0
228206.0
228173.0
228140.0
228107.0
228074.0
228041.0
228008.0
227975.0
227942.0
227909.0
227876.0
227843.0
227810.0
227777.0
227744.0
227711.0
227678.0
227645.0
227612.0
227579.0
227546.0
227513.0
227480.0
227447.0
227414.0
227381.0
227348.0
227315.0
227282.0
227249.0
227216.0
227183.0
227150.0
227117.0
227084.0
227051.0
227018.0
226985.0
226952.0
226919.0
226886.0
226853.0
226820.0
226787.0
226754.0
226721.0
226688.0
226655.0
226622.0
226589.0
226556.0
226523.0
226490.0
226457.0
226424.0
226391.0
226358.0
226325.0
226292.0
226259.0
226226.0
226193.0
226160.0
226127.0
226094.0
226061.0
226028.0
225995.0
225962.0
225929.0
225896.0
225863.0
225830.0
225797.0
225764.0
225731.0
225698.0
225665.0
225632.0
225599.0
225566.0
225533.0
225500.0
225467.0
225434.0
225401.0
225368.0
225335.0
225302.0
225269.0
225236.0
225203.0
225170.0
225137.0
225104.0
225071.0
225038.0
225005.0
224972.0
224939.0
224906.0
224873.0
224840.0
224807.0
224774.0
224741.0
224708.0
224675.0
224642.0
224609.0
224576.0
224543.0
224510.0
224477.0
224444.0
224411.0
224378.0
224345.0
224312.0
224279.0
224246.0
224213.0
224180.0
224147.0
224114.0
224081.0
224048.0
224015.0
223982.0
223949.0
223916.0
223883.0
223850.0
223817.0
223784.0
223751.0
223718.0
223685.0
223652.0
223619.0
223586.0
223553.0
223520.0
223487.0
223454.0
223421.0
223388.0
223355.0
223322.0
223289.0
223256.0
223223.0
223190.0
223157.0
223124.0
223091.0
223058.0
223025.0
222992.0
222959.0
222926.0
222893.0
222860.0
222827.0
222794.0
222761.0
222728.0
222695.0
222663.0
222631.0
222599.0
222567.0
222535.0
222503.0
222471.0
222439.0
222407.0
222375.0
222343.0
222311.0
222279.0
222247.0
222215.0
222183.0
222151.0
222119.0
222087.0
222055.0
222023.0
221991.0
221959.0
221927.0
221895.0
221863.0
221831.0
221799.0
221767.0
221735.0
221703.0
221671.0
221639.0
221607.0
221575.0
221543.0
221511.0
221479.0
221447.0
221415.0
221383.0
221351.0
221319.0
221287.0
221255.0
221223.0
221191.0
221159.0
221127.0
221095.0
221063.0
221031.0
220999.0
220967.0
220935.0
220903.0
220871.0
220839.0
220807.0
220775.0
220743.0
220711.0
220679.0
220647.0
220615.0
220583.0
220551.0
220519.0
220487.0
220455.0
220423.0
220391.0
220359.0
220327.0
220295.0
220263.0
220231.0
220199.0
220167.0
220135.0
220103.0
220071.0
220039.0
220007.0
219975.0
219943.0
219911.0
219879.0
219847.0
219815.0
219783.0
219751.0
219719.0
0
