100000000
239917.0
239874.0
239832.0
239791.0
239750.0
239709.0
239668.0
239628.0
239588.0
239548.0
239508.0
239468.0
239428.0
239388.0
239348.0
239309.0
239270.0
239231.0
239192.0
239153.0
239114.0
239075.0
239036.0
238998.0
238960.0
238922.0
238884.0
238846.0
238808.0
238770.0
238732.0
238694.0
238656.0
238618.0
238580.0
238542.0
238504.0
238466.0
238428.0
238390.0
238353.0
238316.0
238279.0
238242.0
238205.0
238168.0
238131.0
238094.0
238057.0
238020.0
237983.0
237946.0
237909.0
237872.0
237835.0
237798.0
237761.0
237724.0
237687.0
237650.0
237613.0
237576.0
237539.0
237502.0
237465.0
237428.0
237391.0
237354.0
237317.0
237280.0
237243.0
237206.0
237169.0
237132.0
237095.0
237058.0
237021.0
236984.0
236947.0
236911.0
236875.0
236839.0
236803.0
236767.0
236731.0
236695.0
236659.0
236623.0
236587.0
236551.0
236515.0
236479.0
236443.0
236407.0
236371.0
236335.0
236299.0
236263.0
236227.0
236191.0
236155.0
236119.0
236083.0
236047.0
236011.0
235975.0
235939.0
235903.0
235867.0
235831.0
235795.0
235759.0
235723.0
235687.0
235651.0
235615.0
235579.0
235543.0
235507.0
235471.0
235435.0
235399.0
235363.0
235327.0
235291.0
235255.0
235219.0
235183.0
235147.0
235112.0
235077.0
235042.0
235007.0
234972.0
234937.0
234902.0
234867.0
234832.0
234797.0
234762.0
234727.0
234692.0
234657.0
234622.0
234587.0
234552.0
234517.0
234482.0
234447.0
0
