100000000
239917.0
239874.0
239832.0
239791.0
239750.0
239709.0
239668.0
239628.0
239588.0
239548.0
239508.0
239468.0
239428.0
239388.0
239348.0
239309.0
239270.0
239231.0
239192.0
239153.0
239114.0
239075.0
239036.0
238998.0
238960.0
238922.0
238884.0
238846.0
238808.0
238770.0
238732.0
238694.0
238656.0
238618.0
238580.0
238542.0
238504.0
238466.0
238428.0
238390.0
238353.0
238316.0
238279.0
238242.0
238205.0
238168.0
238131.0
238094.0
238057.0
238020.0
237983.0
237946.0
237909.0
237872.0
237835.0
237798.0
237761.0
237724.0
237687.0
237650.0
237613.0
237576.0
237539.0
237502.0
237465.0
237428.0
237391.0
237354.0
237317.0
237280.0
237243.0
237206.0
237169.0
237132.0
237095.0
0
