10000000000
66481360.905784376
66471641.56432178
66462107.292278476
66452627.03180257
66443147.72503868
66433749.865329474
66424384.239742376
66415074.18765078
66405766.23196678
66396467.59910518
66387177.61024027
66377922.068948574
66368691.98510668
66359464.774272576
66350248.100414574
66341051.45315128
66331909.974528976
66322769.78305758
66313631.54878188
66304507.18813068
66295399.025803775
66286313.842513174
66277235.32779328
66268167.83974918
66259108.02767187
66250051.97759638
66240999.057031475
66231950.60742178
66222902.23226058
66213860.07205368
66204826.24841138
66195799.58669808
66186783.615398176
66177783.00914437
66168788.463944875
66159800.72549108
66150826.483653076
66141856.24365338
66132890.040852375
66123927.93446138
66114984.247694775
66106059.316934675
66097138.320448674
66088226.63895768
66079317.418961175
66070413.873466775
66061514.84556968
66052617.34919868
66043720.47096278
66034847.93540668
66025989.501901075
66017137.225770675
66008291.472231776
65999446.23119877
65990609.35851928
65981775.16581458
65972961.315577574
65964154.043288276
65955357.40558557
65946565.11444327
65937773.075517476
65928982.833138674
65920198.207148075
65911415.695439376
65902635.46965928
65893855.73161358
65885076.288461275
65876310.63016647
65867545.116432175
65858781.270108975
65850020.157059476
65841260.463225074
65832510.05019067
65823760.20426068
65815014.29006488
65806272.005463175
65797531.21551198
65788793.761987776
65780061.56168178
65771330.92816667
65762601.00806537
65753875.27741657
65745155.40228528
65736440.07629408
65727731.18787447
65719030.758359775
65710330.59292418
65701637.74833578
65692947.25838497
65684259.58509388
65675572.056100875
65666885.92319748
65658206.81693508
65649527.75183288
65640849.67325547
65632172.02772457
65623497.432858475
65614823.44967997
65606156.64247148
65597493.21605988
65588830.343963474
65580168.29333797
65571507.01146068
65562847.06378567
65554191.88078938
65545538.74408697
65536885.96677987
65528236.379219875
65519589.92555068
65510943.58317687
65502305.096284375
65493674.09235037
65485045.82190407
65476417.793850176
65467791.24181687
65459165.334751174
65450545.461516775
65441926.383415274
65433318.46811067
65424719.40422047
65416123.45447327
65407528.689179875
65398934.45796388
65390341.07261178
65381751.62548078
65373164.78644558
65364578.29277528
65355993.34885958
65347411.15536337
65338831.45624138
65330257.35797708
65321685.96581498
65313116.14931838
65304547.86797628
65295982.98558538
65287420.06298498
65278857.39648588
65270300.15629968
65261743.19871738
65253186.812509276
65244635.81923938
65236085.252251975
65227534.89140308
65218985.43508318
65210436.204760976
65201894.364198074
65193353.414849676
65184812.81254187
65176272.282568775
0
