10000000000
66481360.905784376
66471641.56432178
66462107.292278476
66452627.03180257
66443147.72503868
66433749.865329474
66424384.239742376
66415074.18765078
66405766.23196678
66396467.59910518
66387177.61024027
66377922.068948574
66368691.98510668
66359464.774272576
66350248.100414574
66341051.45315128
66331909.974528976
66322769.78305758
66313631.54878188
66304507.18813068
66295399.025803775
66286313.842513174
66277235.32779328
66268167.83974918
66259108.02767187
66250051.97759638
66240999.057031475
66231950.60742178
66222902.23226058
66213860.07205368
66204826.24841138
66195799.58669808
66186783.615398176
66177783.00914437
66168788.463944875
66159800.72549108
66150826.483653076
66141856.24365338
66132890.040852375
66123927.93446138
66114984.247694775
66106059.316934675
66097138.320448674
66088226.63895768
66079317.418961175
66070413.873466775
66061514.84556968
66052617.34919868
66043720.47096278
66034847.93540668
66025989.501901075
66017137.225770675
66008291.472231776
65999446.23119877
65990609.35851928
65981775.16581458
65972961.315577574
65964154.043288276
65955357.40558557
65946565.11444327
65937773.075517476
65928982.833138674
65920198.207148075
65911415.695439376
65902635.46965928
65893855.73161358
65885076.288461275
65876310.63016647
65867545.116432175
65858781.270108975
65850020.157059476
65841260.463225074
65832510.05019067
65823760.20426068
65815014.29006488
65806272.005463175
65797531.21551198
65788793.761987776
65780061.56168178
65771330.92816667
65762601.00806537
65753875.27741657
65745155.40228528
65736440.07629408
65727731.18787447
65719030.758359775
65710330.59292418
65701637.74833578
65692947.25838497
65684259.58509388
65675572.056100875
65666885.92319748
65658206.81693508
65649527.75183288
65640849.67325547
65632172.02772457
65623497.432858475
65614823.44967997
65606156.64247148
65597493.21605988
65588830.343963474
65580168.29333797
65571507.01146068
65562847.06378567
65554191.88078938
65545538.74408697
65536885.96677987
65528236.379219875
65519589.92555068
65510943.58317687
65502305.096284375
65493674.09235037
65485045.82190407
65476417.793850176
65467791.24181687
65459165.334751174
65450545.461516775
65441926.383415274
65433318.46811067
65424719.40422047
65416123.45447327
65407528.689179875
65398934.45796388
65390341.07261178
65381751.62548078
65373164.78644558
65364578.29277528
65355993.34885958
65347411.15536337
65338831.45624138
65330257.35797708
65321685.96581498
65313116.14931838
65304547.86797628
65295982.98558538
65287420.06298498
65278857.39648588
65270300.15629968
65261743.19871738
65253186.812509276
65244635.81923938
65236085.252251975
65227534.89140308
65218985.43508318
65210436.204760976
65201894.364198074
65193353.414849676
65184812.81254187
65176272.282568775
65167733.655851975
65159196.114917174
65150663.05425408
65142132.819346175
65133602.88054787
65125075.515357375
65116553.09030537
65108030.993377075
65099514.147926174
65090998.321175076
65082483.422144674
65073968.548561275
65065462.158207275
65056956.64093868
65048453.762109175
65039955.74556717
65031461.86411258
65022973.54134638
65014486.344887175
65006003.23651278
64997520.96298327
64989039.79346047
64980562.29116068
64972088.14129638
64963614.21305048
64955141.89238368
64946670.79623118
64938202.70457528
64929735.275330774
64921268.17751948
64912801.119167075
64904337.74831328
64895875.26096348
64887415.54208938
64878960.25504378
64870505.44529488
64862052.69856688
64853602.23603698
64845152.06009568
64836701.99936998
64828252.583678275
64819803.969452575
64811356.40286728
64802909.78604448
64794465.45070568
64786023.00565868
64777582.610733375
64769142.680987574
64760702.75788048
64752268.37280437
64743834.060683675
64735403.44865188
64726973.33721418
64718543.31127998
64710113.807316385
64701685.00286168
64693256.35449558
64684829.069134176
64676401.819412775
64667977.68067028
64659554.43107798
64651131.70536068
64642710.69387048
64634291.69881838
64625875.70484098
64617461.26876788
64609049.68060988
64600644.16850668
64592238.99449338
64583835.23589878
64575431.85267198
64567031.89198468
64558632.16197068
64550232.526252076
64541835.34458178
64533438.65932198
64525042.07613498
64516646.52985148
64508251.69633638
64499857.39603068
64491464.00539638
64483072.73109508
64474685.85450518
64466304.85293728
64457933.827673785
64449563.13504218
64441193.14279028
64432826.26377208
64424459.44491998
64416093.22620818
64407728.76053448
64399369.08584798
64391012.50325638
64382658.303438984
64374304.98337168
64365951.91949938
64357598.92358958
64349248.189938076
64340897.91147238
64332549.35291908
64324203.16089648
64315857.986480676
64307513.003082976
64299168.16367747
64290823.727086775
64282480.69760087
64274138.639460474
64265797.74357278
64257458.21751538
64249121.30383308
64240786.69802918
64232452.59330349
64224119.19397829
64215786.13180429
64207453.41432169
64199121.153841585
64190789.64922018
64182459.059743285
64174130.79827568
64165806.267268285
64157482.75472838
64149162.42737578
64140842.43266538
64132524.25656278
64124207.92308308
64115892.33057358
64107578.70760198
64099267.22835438
64090956.03318848
64082645.555137284
64074336.980439186
64066029.04855918
64057725.41532268
64049424.45970988
64041123.884646185
64032825.54069479
64024527.78448648
64016230.638911285
64007934.660616584
63999639.296147384
63991344.84514139
63983051.79272339
63974761.896539986
63966472.43282939
63958183.101037584
63949894.73225758
63941607.00628079
63933319.58852379
63925032.662801296
63916746.054951094
63908460.02534969
63900176.77073609
63891894.1347193
63883611.94827599
63875332.1261957
63867055.0404581
63858778.6740001
63850503.18197951
63842229.9092033
63833956.7475205
63825685.0148223
63817416.68242899
63809150.1827155
63800884.07466409
63792620.27903929
63784356.66699869
63776093.19465469
63767832.23288209
63759571.40899269
63751311.95842079
63743052.81634659
63734794.84498229
63726536.89775809
63718280.20358679
63710023.54483069
63701768.14839969
63693513.60304609
63685259.25868368
63677005.99021498
63668754.441147886
63660505.108000584
63652256.14828988
63644008.218252786
63635760.48798889
63627513.01818978
63619265.74260388
63611020.05251788
63602777.94547948
63594538.16698288
63586298.78632458
63578059.692811176
63569821.79208048
63561585.82905217
63553350.58436997
63545116.18754017
63536883.343205675
63528650.52901077
63520421.01795998
63512192.335891075
63503964.56474068
63495737.34327219
63487511.52915768
63479286.09238498
63471061.96180808
63462838.84539778
63454616.10386208
63446393.38462618
63438170.76602698
63429950.66631778
63421731.626275085
63413512.60551218
63405293.96569818
63397076.79720258
63388860.376755886
63380644.54097138
63372429.068142384
63364214.08286748
63356000.85560338
63347789.17611108
63339577.96571088
63331366.96724648
63323156.02563647
63314946.08287797
63306738.74307487
63298534.483083166
63290331.589155264
63282130.49013256
63273929.72255336
63265730.327040955
63257531.406819165
63249332.91927356
63241135.174004965
63232938.83195486
63224742.94701256
63216550.30567286
63208358.16452006
63200167.81509176
63191977.62404316
63183787.44450416
63175597.94145466
63167410.14070086
63159223.274112456
63151038.76255686
63142854.33507135
63134671.50035505
63126495.99874585
63118322.66397765
63110149.40454395
63101979.35756435
63093811.69420706
63085644.73893495
63077478.35401905
63069312.044788554
63061145.76952216
63052981.715150364
63044817.84258016
63036654.25526966
63028490.96747966
63020327.95920946
63012167.14962796
63004006.75118096
62995847.54558786
62987688.845525056
62979530.34637286
62971372.01377466
62963214.65892476
62955058.08617175
62946903.54834075
62938750.08393385
62930598.31476155
62922447.24348595
62914296.75217765
62906146.95373495
62897998.24675465
62889849.87442145
62881702.191913456
62873555.63121255
62865410.26482685
62857267.10266735
62849124.20396914
62840982.013572544
62832840.30667994
62824699.70969144
62816560.02070054
62808420.53135244
62800282.34697943
62792145.538375735
62784008.85406864
62775872.768533334
62767737.90101704
62759604.397091135
62751471.86257734
62743339.40041874
62735207.19065974
62727075.082292944
62718943.28320734
62710814.53122824
62702687.27338514
62694560.06115924
62686433.545343935
62678307.08608414
62670181.03042424
62662055.79522084
62653931.163899936
62645807.12328383
62637683.75558414
62629560.424505845
62621437.169644944
62613315.03475395
62605193.84448985
62597072.74309735
62588951.91066375
62580837.394373745
62572723.369844146
62564609.50148295
62556495.842470944
62548384.381425545
62540276.285482444
62532170.28958894
62524064.66949424
62515959.67237004
62507855.674009934
62499752.32863804
62491649.10920904
62483545.97590153
62475444.79927243
62467345.482231334
62459246.967270635
62451148.90323423
62443052.17934323
62434956.99239773
62426862.472570434
62418768.423223734
62410674.39181644
62402580.73163753
62394489.25924663
62386398.572673135
62378309.91358663
62370222.726339735
62362135.70461514
62354049.56994753
62345963.56487093
62337877.920356035
62329793.85953334
62321711.278669134
62313629.72090264
62305548.536112644
62297469.29721144
62289390.55348984
62281312.80831864
62273235.56824793
62265159.72728253
62257084.121474825
62249009.383985326
62240935.15787193
62232862.62340294
62224790.25644974
62216718.92565973
62208647.67484333
62200578.311384834
62192509.31448404
62184443.47057234
62176378.77851223
62168314.28957363
62160250.42893033
62152187.618464425
62144125.69522202
62136064.25372732
62128003.83169503
62119943.437338434
62111884.446936324
62103825.777273625
62095767.47972493
62087709.20366652
62079651.51035352
62071593.89200602
62063536.84270362
62055479.92195471
62047423.03030721
62039366.177385
62031310.4349287
62023255.081370994
62015202.0567038
62007151.4675122
61999101.12347489
61991051.42288108
61983001.81989819
61974953.59643698
61966905.746344775
61958858.105807774
61950811.54593327
61942766.985800765
61934722.44307706
61926679.207537964
61918636.08208286
61910593.251580656
61902550.62873906
61894508.93877217
61886467.57054446
61878426.85299946
61870387.67546506
61862350.039611965
61854313.80406916
61846277.88867736
61838242.290297255
61830207.43199846
61822174.040159866
61814140.82824956
61806108.52497107
61798076.86527386
61790045.573041365
61782015.10196966
61773985.713603064
61765959.19113456
61757933.370549746
61749908.28153774
61741883.77022286
61733860.36994496
61725837.37976367
61717814.98684627
61709792.73246945
61701774.56810766
61693758.51160815
61685742.556003846
61677726.77350935
61669712.64989495
61661699.10351535
61653685.585694745
61645672.15925325
61637658.742403954
61629647.89874946
61621637.33811076
61613626.94134226
61605618.020021066
61597609.11078226
61589600.44692956
61581592.16379766
61573584.558927655
61565577.98609086
61557571.45885246
61549565.10562256
61541561.19998606
0
