10000000000
66481360.905784376
66471641.56432178
66462107.292278476
66452627.03180257
66443147.72503868
66433749.865329474
66424384.239742376
66415074.18765078
66405766.23196678
66396467.59910518
66387177.61024027
66377922.068948574
66368691.98510668
66359464.774272576
66350248.100414574
66341051.45315128
66331909.974528976
66322769.78305758
66313631.54878188
66304507.18813068
66295399.025803775
66286313.842513174
66277235.32779328
66268167.83974918
66259108.02767187
66250051.97759638
66240999.057031475
66231950.60742178
66222902.23226058
66213860.07205368
66204826.24841138
66195799.58669808
66186783.615398176
66177783.00914437
66168788.463944875
66159800.72549108
66150826.483653076
66141856.24365338
66132890.040852375
66123927.93446138
66114984.247694775
66106059.316934675
66097138.320448674
66088226.63895768
66079317.418961175
66070413.873466775
66061514.84556968
66052617.34919868
66043720.47096278
66034847.93540668
66025989.501901075
66017137.225770675
66008291.472231776
65999446.23119877
65990609.35851928
65981775.16581458
65972961.315577574
65964154.043288276
65955357.40558557
65946565.11444327
65937773.075517476
65928982.833138674
65920198.207148075
65911415.695439376
65902635.46965928
65893855.73161358
65885076.288461275
65876310.63016647
65867545.116432175
65858781.270108975
65850020.157059476
65841260.463225074
65832510.05019067
65823760.20426068
65815014.29006488
0
