10000000000
66481360.905784376
66471641.56432178
66462107.292278476
66452627.03180257
66443147.72503868
66433749.865329474
66424384.239742376
66415074.18765078
66405766.23196678
66396467.59910518
66387177.61024027
66377922.068948574
66368691.98510668
66359464.774272576
66350248.100414574
66341051.45315128
66331909.974528976
66322769.78305758
66313631.54878188
66304507.18813068
66295399.025803775
66286313.842513174
66277235.32779328
66268167.83974918
66259108.02767187
66250051.97759638
66240999.057031475
66231950.60742178
66222902.23226058
66213860.07205368
66204826.24841138
66195799.58669808
66186783.615398176
66177783.00914437
66168788.463944875
66159800.72549108
66150826.483653076
66141856.24365338
66132890.040852375
0
