400000000
960320.0
960272.0
960226.0
960181.0
960137.0
960093.0
960050.0
960007.0
959964.0
959921.0
959878.0
959835.0
959793.0
959751.0
959709.0
959667.0
959625.0
959583.0
959541.0
959499.0
959458.0
959417.0
959376.0
959335.0
959294.0
959253.0
959212.0
959171.0
959130.0
959089.0
959048.0
959007.0
958966.0
958925.0
958884.0
958843.0
958802.0
958761.0
958720.0
958679.0
958638.0
958597.0
958557.0
958517.0
958477.0
958437.0
958397.0
958357.0
958317.0
958277.0
958237.0
958197.0
958157.0
958117.0
958077.0
958037.0
957997.0
957957.0
957917.0
957877.0
957837.0
957797.0
957757.0
957717.0
957677.0
957638.0
957599.0
957560.0
957521.0
957482.0
957443.0
957404.0
957365.0
957326.0
957287.0
957248.0
957209.0
957170.0
957131.0
957092.0
957053.0
0
