40000000000
264880259.39246988
264868493.5265061
264856730.66380078
264845408.2328317
264834132.13216677
264822953.56719518
264811853.92852527
264800804.2337831
264789836.53741238
264778899.15655917
264767987.2959751
264757164.06675237
264746359.56685027
264735562.5884288
264724770.88116658
264714032.48317948
264703294.5733145
264692629.24007478
264681971.91672787
264671323.72502708
264660753.6403541
264650184.2634267
264639615.9393122
264629064.81949097
264618514.24580958
264607982.6206579
264597458.41601968
264586936.77156937
264576426.1906066
264565916.2171656
264555407.886998
264544906.57264388
264534407.63019767
264523908.9309269
264513414.7667215
264502924.8272889
264492440.27899417
264481968.58014098
264471499.26731777
264461034.42254138
264450570.82503158
264440107.77132237
264429647.271471
264419192.36702278
264408743.3737014
264398321.7904189
264387913.85780087
264377509.5480226
264367111.8498805
264356717.7214771
264346324.69085538
264335937.3365883
264325553.89325747
264315187.74981177
264304831.6726288
264294489.42676818
264284157.1275307
264273832.83381099
264263512.41207948
264253192.1302547
264242873.80637687
264232555.90016627
264222249.6589369
264211948.8591517
264201651.554963
264191356.2993567
264181067.22804618
264170786.59889787
264160510.0447684
264150237.78656617
264139973.1851855
264129713.18965977
264119454.0949646
264109195.28751168
264098936.624645
264088680.4610583
264078427.49312347
264068176.17346498
264057925.21812227
264047677.4837227
264037432.85305747
0
