15000000000
6001215.0
6001208.0
6001201.0
6001194.0
6001187.0
6001180.0
6001173.0
6001166.0
6001159.0
6001152.0
6001145.0
6001138.0
6001131.0
6001124.0
6001117.0
6001110.0
6001103.0
6001096.0
6001089.0
6001082.0
6001075.0
6001068.0
6001061.0
6001054.0
6001047.0
6001040.0
6001033.0
6001026.0
6001019.0
6001012.0
6001005.0
6000998.0
6000991.0
6000984.0
6000977.0
6000970.0
6000963.0
6000956.0
6000949.0
6000942.0
6000935.0
6000928.0
6000921.0
6000914.0
6000907.0
6000900.0
6000893.0
6000886.0
6000879.0
6000872.0
6000865.0
6000858.0
6000851.0
6000844.0
6000837.0
6000830.0
6000823.0
6000816.0
6000809.0
6000802.0
6000795.0
6000788.0
6000781.0
6000774.0
6000767.0
6000760.0
6000753.0
6000746.0
6000739.0
6000732.0
6000725.0
6000718.0
6000711.0
6000704.0
6000697.0
6000690.0
6000683.0
6000676.0
6000669.0
6000662.0
6000655.0
6000648.0
6000641.0
6000634.0
6000627.0
6000620.0
6000613.0
6000606.0
6000599.0
6000592.0
6000585.0
6000578.0
6000571.0
6000564.0
6000557.0
6000550.0
6000543.0
6000536.0
6000529.0
6000522.0
6000515.0
6000508.0
6000501.0
6000494.0
6000487.0
6000480.0
6000473.0
6000466.0
6000459.0
6000452.0
6000445.0
6000438.0
6000431.0
6000424.0
6000417.0
6000410.0
6000403.0
6000396.0
6000389.0
6000382.0
6000375.0
6000368.0
6000361.0
6000354.0
6000347.0
6000340.0
6000333.0
6000326.0
6000319.0
6000312.0
6000305.0
6000298.0
6000291.0
6000284.0
6000277.0
6000270.0
6000263.0
6000256.0
6000249.0
6000242.0
6000235.0
6000228.0
6000221.0
6000214.0
6000207.0
6000200.0
6000193.0
6000186.0
6000179.0
6000172.0
6000165.0
6000158.0
6000151.0
6000144.0
6000137.0
6000130.0
6000123.0
6000116.0
6000109.0
6000102.0
6000095.0
6000088.0
6000081.0
6000074.0
6000067.0
6000060.0
6000053.0
6000046.0
6000039.0
6000032.0
6000025.0
6000018.0
6000011.0
6000004.0
5999997.0
5999990.0
5999983.0
5999976.0
5999969.0
5999962.0
5999955.0
5999948.0
5999941.0
5999934.0
5999927.0
5999920.0
5999913.0
5999906.0
5999899.0
5999892.0
5999885.0
5999878.0
5999871.0
5999864.0
5999857.0
5999850.0
5999843.0
5999836.0
5999829.0
5999822.0
5999815.0
5999808.0
5999801.0
5999794.0
5999787.0
5999780.0
5999773.0
5999766.0
5999759.0
5999752.0
5999745.0
5999738.0
5999731.0
5999724.0
5999717.0
5999710.0
5999703.0
5999696.0
5999689.0
5999682.0
5999675.0
5999668.0
5999661.0
5999654.0
5999647.0
5999640.0
5999633.0
5999626.0
5999619.0
5999612.0
5999605.0
5999598.0
5999591.0
5999584.0
5999577.0
5999570.0
5999563.0
5999556.0
5999549.0
5999542.0
5999535.0
5999528.0
5999521.0
5999514.0
5999507.0
5999500.0
5999493.0
5999486.0
5999479.0
5999472.0
5999465.0
5999458.0
5999451.0
5999444.0
5999437.0
5999430.0
5999423.0
5999416.0
5999409.0
5999402.0
5999395.0
5999388.0
5999381.0
5999374.0
5999367.0
5999360.0
5999353.0
5999346.0
5999339.0
5999332.0
5999325.0
5999318.0
5999311.0
5999304.0
5999297.0
5999290.0
5999283.0
5999276.0
5999269.0
5999262.0
5999255.0
5999248.0
5999241.0
5999234.0
5999227.0
5999220.0
5999213.0
5999206.0
5999199.0
5999192.0
5999185.0
5999178.0
5999171.0
5999164.0
5999157.0
5999150.0
5999143.0
5999136.0
5999129.0
5999122.0
5999115.0
5999108.0
5999101.0
5999094.0
5999087.0
5999080.0
5999073.0
5999066.0
5999059.0
5999052.0
5999045.0
5999038.0
5999031.0
5999024.0
5999017.0
5999010.0
5999003.0
5998996.0
5998989.0
5998982.0
5998975.0
5998968.0
5998961.0
5998954.0
5998947.0
5998940.0
5998933.0
5998926.0
5998919.0
5998912.0
5998905.0
5998898.0
5998891.0
5998884.0
5998877.0
5998870.0
5998863.0
5998856.0
5998849.0
5998842.0
5998835.0
5998828.0
5998821.0
5998814.0
5998807.0
5998800.0
5998793.0
5998786.0
5998779.0
5998772.0
5998765.0
5998758.0
5998751.0
5998744.0
5998737.0
5998730.0
5998723.0
5998716.0
5998709.0
5998702.0
5998695.0
5998688.0
5998681.0
5998674.0
5998667.0
5998660.0
5998653.0
5998646.0
5998639.0
5998632.0
5998625.0
5998618.0
5998611.0
5998604.0
5998597.0
5998590.0
5998583.0
0
