15000000000
6001215.0
6001208.0
6001201.0
6001194.0
6001187.0
6001180.0
6001173.0
6001166.0
6001159.0
6001152.0
6001145.0
6001138.0
6001131.0
6001124.0
6001117.0
6001110.0
6001103.0
6001096.0
6001089.0
6001082.0
6001075.0
6001068.0
6001061.0
6001054.0
6001047.0
6001040.0
6001033.0
6001026.0
6001019.0
6001012.0
6001005.0
6000998.0
6000991.0
6000984.0
6000977.0
6000970.0
6000963.0
6000956.0
6000949.0
6000942.0
6000935.0
6000928.0
6000921.0
6000914.0
6000907.0
6000900.0
6000893.0
6000886.0
6000879.0
0
