15000000000
6001215.0
6001208.0
6001201.0
6001194.0
6001187.0
6001180.0
6001173.0
6001166.0
6001159.0
6001152.0
6001145.0
6001138.0
6001131.0
6001124.0
6001117.0
6001110.0
6001103.0
6001096.0
6001089.0
6001082.0
6001075.0
6001068.0
6001061.0
6001054.0
6001047.0
6001040.0
6001033.0
6001026.0
6001019.0
6001012.0
6001005.0
6000998.0
6000991.0
6000984.0
6000977.0
6000970.0
6000963.0
6000956.0
6000949.0
6000942.0
6000935.0
6000928.0
6000921.0
6000914.0
6000907.0
6000900.0
6000893.0
6000886.0
6000879.0
6000872.0
6000865.0
6000858.0
6000851.0
6000844.0
6000837.0
6000830.0
6000823.0
6000816.0
6000809.0
6000802.0
6000795.0
6000788.0
6000781.0
6000774.0
6000767.0
6000760.0
6000753.0
6000746.0
6000739.0
6000732.0
6000725.0
6000718.0
6000711.0
6000704.0
6000697.0
6000690.0
6000683.0
6000676.0
6000669.0
6000662.0
6000655.0
6000648.0
6000641.0
6000634.0
6000627.0
6000620.0
6000613.0
6000606.0
6000599.0
6000592.0
6000585.0
6000578.0
6000571.0
6000564.0
6000557.0
6000550.0
6000543.0
6000536.0
6000529.0
6000522.0
6000515.0
6000508.0
6000501.0
6000494.0
6000487.0
6000480.0
6000473.0
6000466.0
6000459.0
6000452.0
6000445.0
6000438.0
6000431.0
6000424.0
6000417.0
6000410.0
6000403.0
6000396.0
6000389.0
6000382.0
6000375.0
6000368.0
6000361.0
6000354.0
6000347.0
6000340.0
6000333.0
6000326.0
6000319.0
6000312.0
6000305.0
6000298.0
6000291.0
6000284.0
6000277.0
6000270.0
6000263.0
6000256.0
6000249.0
6000242.0
6000235.0
6000228.0
6000221.0
6000214.0
6000207.0
6000200.0
6000193.0
6000186.0
6000179.0
6000172.0
6000165.0
6000158.0
6000151.0
6000144.0
6000137.0
6000130.0
6000123.0
6000116.0
6000109.0
6000102.0
6000095.0
6000088.0
6000081.0
6000074.0
6000067.0
6000060.0
6000053.0
6000046.0
6000039.0
6000032.0
6000025.0
6000018.0
6000011.0
6000004.0
5999997.0
5999990.0
5999983.0
5999976.0
5999969.0
5999962.0
5999955.0
5999948.0
5999941.0
5999934.0
5999927.0
5999920.0
5999913.0
5999906.0
5999899.0
0
