150000000000
153078795.0
153074000.0
153069559.0
153065143.0
153060775.0
153056458.0
153052156.0
153047906.0
153043663.0
153039434.0
153035206.0
153031028.0
153026856.0
153022693.0
153018544.0
153014421.0
153010314.0
153006219.0
153002125.0
152998035.0
152993967.0
152989921.0
152985894.0
152981876.0
152977874.0
152973877.0
152969883.0
152965890.0
152961897.0
152957906.0
152953917.0
152949929.0
152945957.0
152941985.0
152938028.0
152934072.0
152930117.0
152926165.0
152922218.0
152918276.0
152914340.0
152910416.0
152906495.0
152902584.0
152898673.0
0
