150000000000
153078795.0
153074000.0
153069559.0
153065143.0
153060775.0
153056458.0
153052156.0
153047906.0
153043663.0
153039434.0
153035206.0
153031028.0
153026856.0
153022693.0
153018544.0
153014421.0
153010314.0
153006219.0
153002125.0
152998035.0
152993967.0
152989921.0
152985894.0
152981876.0
152977874.0
152973877.0
152969883.0
152965890.0
152961897.0
152957906.0
152953917.0
152949929.0
152945957.0
152941985.0
152938028.0
152934072.0
152930117.0
152926165.0
152922218.0
152918276.0
152914340.0
152910416.0
152906495.0
152902584.0
152898673.0
152894766.0
152890865.0
152886967.0
152883071.0
152879178.0
152875286.0
152871395.0
152867506.0
152863625.0
152859744.0
152855864.0
152851985.0
152848106.0
152844231.0
152840356.0
152836482.0
152832610.0
152828741.0
152824875.0
152821009.0
152817146.0
152813288.0
152809431.0
152805577.0
152801732.0
152797891.0
152794056.0
152790221.0
152786387.0
152782555.0
152778725.0
152774896.0
152771069.0
152767246.0
152763424.0
152759603.0
152755783.0
152751966.0
152748149.0
152744337.0
152740532.0
152736740.0
0
