150000000000
153078795.0
153074000.0
153069559.0
153065143.0
153060775.0
153056458.0
153052156.0
153047906.0
153043663.0
153039434.0
153035206.0
153031028.0
153026856.0
153022693.0
153018544.0
153014421.0
153010314.0
153006219.0
153002125.0
152998035.0
152993967.0
152989921.0
152985894.0
152981876.0
152977874.0
152973877.0
152969883.0
152965890.0
152961897.0
152957906.0
152953917.0
152949929.0
152945957.0
152941985.0
152938028.0
152934072.0
152930117.0
152926165.0
152922218.0
152918276.0
152914340.0
152910416.0
152906495.0
152902584.0
152898673.0
152894766.0
152890865.0
152886967.0
152883071.0
152879178.0
152875286.0
152871395.0
152867506.0
152863625.0
152859744.0
152855864.0
152851985.0
152848106.0
152844231.0
152840356.0
152836482.0
152832610.0
152828741.0
152824875.0
152821009.0
152817146.0
152813288.0
152809431.0
152805577.0
152801732.0
152797891.0
152794056.0
152790221.0
152786387.0
152782555.0
152778725.0
152774896.0
152771069.0
152767246.0
152763424.0
152759603.0
152755783.0
152751966.0
152748149.0
152744337.0
152740532.0
152736740.0
152732953.0
152729167.0
152725382.0
152721597.0
152717814.0
152714038.0
152710264.0
152706494.0
152702724.0
152698955.0
152695187.0
152691420.0
152687661.0
152683903.0
152680147.0
152676391.0
152672636.0
152668883.0
152665130.0
152661377.0
152657625.0
152653873.0
152650123.0
152646374.0
152642628.0
152638883.0
152635144.0
152631407.0
152627674.0
152623948.0
152620223.0
152616499.0
152612780.0
152609064.0
152605349.0
152601635.0
152597923.0
152594212.0
152590503.0
152586797.0
152583092.0
152579389.0
152575687.0
152571987.0
152568288.0
152564590.0
152560893.0
152557197.0
152553502.0
152549808.0
152546115.0
152542426.0
152538738.0
152535051.0
152531367.0
152527684.0
152524002.0
152520321.0
152516644.0
152512967.0
152509291.0
152505617.0
152501944.0
152498271.0
152494601.0
152490932.0
152487263.0
152483597.0
152479931.0
152476266.0
152472603.0
152468941.0
152465281.0
152461622.0
152457965.0
152454308.0
152450653.0
152447000.0
152443349.0
152439699.0
152436050.0
152432402.0
152428759.0
152425118.0
152421477.0
152417837.0
152414198.0
152410561.0
152406924.0
152403288.0
152399653.0
152396021.0
152392392.0
152388763.0
152385134.0
152381505.0
152377880.0
152374256.0
152370633.0
152367011.0
152363389.0
152359768.0
152356150.0
152352535.0
152348922.0
152345309.0
152341696.0
152338083.0
152334471.0
152330859.0
152327248.0
152323638.0
152320028.0
152316419.0
152312810.0
152309202.0
152305594.0
152301988.0
152298382.0
152294776.0
152291173.0
152287570.0
152283968.0
152280367.0
152276766.0
152273166.0
152269567.0
152265969.0
152262371.0
152258775.0
152255179.0
152251583.0
152247994.0
152244405.0
152240817.0
152237233.0
152233650.0
152230067.0
152226486.0
152222905.0
152219325.0
152215746.0
152212167.0
152208588.0
152205011.0
152201438.0
152197865.0
152194293.0
152190721.0
152187150.0
152183581.0
152180012.0
152176445.0
152172878.0
152169312.0
152165746.0
152162181.0
152158616.0
152155053.0
152151490.0
152147927.0
152144365.0
152140803.0
152137242.0
152133681.0
152130121.0
152126562.0
152123003.0
152119445.0
152115889.0
152112337.0
152108786.0
152105236.0
152101687.0
152098139.0
152094591.0
152091043.0
152087496.0
152083949.0
152080403.0
152076861.0
152073319.0
152069778.0
152066238.0
152062700.0
152059162.0
152055625.0
152052089.0
152048554.0
152045021.0
152041488.0
152037957.0
152034426.0
152030897.0
152027369.0
152023841.0
152020313.0
152016786.0
152013261.0
152009736.0
152006212.0
152002689.0
151999167.0
151995645.0
151992123.0
151988602.0
151985081.0
151981563.0
151978045.0
151974527.0
151971009.0
151967492.0
151963977.0
151960463.0
151956950.0
151953437.0
151949925.0
151946413.0
151942903.0
151939393.0
151935884.0
151932375.0
151928866.0
151925358.0
151921852.0
151918347.0
151914842.0
151911340.0
151907839.0
151904340.0
151900841.0
151897343.0
151893846.0
151890352.0
151886859.0
151883367.0
151879875.0
151876384.0
151872893.0
151869403.0
151865913.0
151862424.0
151858937.0
151855450.0
151851964.0
151848478.0
151844993.0
151841509.0
151838025.0
151834541.0
151831057.0
151827573.0
151824091.0
151820609.0
151817128.0
151813648.0
151810168.0
151806688.0
151803209.0
151799730.0
151796251.0
151792772.0
151789293.0
151785815.0
151782339.0
151778863.0
151775387.0
151771912.0
151768438.0
151764966.0
151761495.0
151758024.0
151754553.0
151751082.0
151747612.0
151744142.0
151740672.0
151737202.0
151733736.0
151730271.0
151726806.0
151723343.0
151719880.0
151716418.0
151712958.0
151709500.0
151706042.0
151702586.0
151699131.0
151695677.0
151692226.0
151688777.0
151685328.0
151681879.0
151678430.0
151674982.0
151671535.0
151668088.0
151664641.0
151661194.0
151657747.0
151654301.0
151650855.0
151647410.0
151643965.0
151640520.0
151637076.0
151633632.0
151630188.0
151626744.0
151623301.0
151619860.0
151616419.0
151612980.0
151609541.0
151606102.0
151602664.0
151599226.0
151595789.0
151592353.0
151588918.0
151585483.0
151582049.0
151578615.0
151575181.0
151571748.0
151568316.0
151564884.0
151561453.0
151558023.0
151554593.0
151551164.0
151547735.0
151544307.0
151540879.0
151537452.0
151534025.0
151530598.0
151527171.0
151523746.0
151520322.0
151516898.0
151513475.0
151510052.0
151506630.0
151503208.0
151499786.0
151496364.0
151492943.0
151489523.0
151486103.0
151482683.0
151479263.0
151475843.0
151472424.0
151469006.0
151465589.0
151462172.0
151458755.0
151455339.0
151451924.0
151448510.0
151445097.0
151441684.0
151438272.0
151434860.0
151431448.0
151428036.0
151424624.0
151421213.0
151417802.0
151414392.0
151410983.0
151407574.0
151404166.0
151400760.0
151397354.0
151393948.0
151390542.0
151387137.0
151383732.0
151380327.0
151376923.0
151373519.0
151370116.0
151366714.0
151363313.0
151359912.0
151356511.0
151353111.0
151349711.0
151346311.0
151342911.0
151339511.0
151336112.0
151332715.0
151329318.0
151325923.0
151322529.0
151319135.0
151315741.0
151312348.0
151308955.0
151305562.0
151302169.0
151298776.0
151295383.0
151291991.0
151288601.0
151285212.0
151281823.0
151278435.0
151275047.0
151271659.0
151268271.0
151264883.0
151261497.0
151258111.0
151254725.0
151251340.0
151247955.0
151244570.0
151241186.0
151237802.0
151234418.0
151231036.0
151227654.0
151224275.0
151220896.0
151217517.0
151214138.0
151210759.0
151207381.0
151204003.0
151200625.0
151197248.0
151193872.0
151190496.0
151187120.0
151183744.0
151180369.0
151176994.0
151173620.0
151170247.0
151166875.0
151163504.0
151160134.0
151156765.0
151153396.0
151150027.0
151146659.0
151143291.0
151139923.0
151136555.0
151133187.0
151129820.0
151126455.0
151123092.0
151119729.0
151116366.0
151113004.0
151109642.0
151106280.0
151102919.0
151099558.0
151096198.0
151092838.0
151089478.0
151086119.0
151082760.0
151079401.0
151076042.0
151072684.0
151069327.0
151065970.0
151062613.0
151059256.0
151055900.0
151052544.0
151049189.0
151045835.0
151042481.0
151039128.0
151035775.0
151032423.0
151029071.0
151025720.0
151022369.0
151019018.0
151015668.0
151012318.0
151008969.0
151005620.0
151002272.0
150998924.0
150995576.0
150992228.0
150988881.0
150985535.0
150982190.0
150978845.0
150975500.0
150972155.0
150968811.0
150965467.0
150962124.0
150958781.0
150955438.0
150952097.0
150948756.0
150945416.0
150942076.0
150938737.0
150935398.0
150932059.0
150928722.0
150925386.0
150922051.0
150918716.0
150915382.0
150912048.0
150908715.0
150905383.0
150902051.0
150898720.0
150895390.0
150892061.0
150888733.0
150885406.0
150882080.0
150878754.0
150875428.0
150872103.0
150868778.0
150865453.0
150862128.0
150858804.0
150855480.0
150852158.0
150848837.0
150845516.0
150842196.0
150838876.0
150835556.0
150832237.0
150828918.0
150825599.0
150822280.0
150818961.0
150815642.0
150812323.0
150809005.0
150805688.0
150802371.0
150799054.0
150795738.0
150792422.0
150789106.0
150785790.0
150782474.0
150779158.0
150775843.0
150772528.0
150769213.0
150765899.0
150762585.0
150759271.0
150755957.0
150752643.0
150749331.0
150746020.0
150742709.0
150739399.0
150736089.0
150732779.0
150729469.0
150726159.0
150722850.0
150719542.0
150716234.0
150712926.0
150709618.0
150706311.0
150703004.0
150699698.0
150696392.0
150693086.0
150689781.0
150686476.0
150683172.0
150679868.0
150676565.0
0
