200000
100008.85555
100008.22465
100008.1615
100008.0253
100007.850832
100007.8111
100007.765763
100007.720455
100007.508545
100007.4756
100007.3298659
100007.32555
100007.2696841
100007.23659
100007.235298
100007.214976
100007.1991241
100007.1736
100007.16928
100007.094545
100007.0660464
100007.037982
100007.036
100006.970176
100006.946764
100006.8865
100006.8673059
100006.86345
100006.8541641
100006.84809
100006.8425
100006.8407592
100006.8401
100006.8321582
100006.822156
100006.812784
100006.80679
100006.777827
100006.7595656
100006.741583
100006.7031568
100006.64016
100006.62634
100006.618436
100006.601868
100006.536989
100006.536502
100006.533932
100006.5335905
100006.517811
100006.48271
100006.46653
100006.463824
100006.433196
100006.43101
100006.41232
100006.3972
100006.35796
100006.34207
100006.33744
100006.30826
100006.304298
100006.295698
100006.2664
100006.257403
100006.257016
100006.25186
100006.240124
100006.22382
100006.2075
100006.18282
100006.1674404
100006.142005
100006.1028
100006.0765586
100006.045876
100006.038025
100006.018768
100006.0177
0
