200000
100103.1225
100102.027
100102.013515
100101.902
100101.8825
100101.7885
100101.68701
100101.6325
100101.57051
100101.36001
100101.284
100101.266
100101.23988
100101.172
100101.172
100101.105515
100101.101505
100100.932
100100.9015
100100.89247
100100.864505
100100.811
100100.7795
100100.64351
100100.50704
100100.444
100100.225
100100.1495
100100.1435
100100.10352
100100.017045
100099.9895
100099.9305
100099.928005
100099.887
100099.77968
100099.7355
100099.71136
100099.68202
100099.67155
100099.53503
100099.52551
100099.4945147
100099.486
100099.45204
100099.398
100099.3735
100099.368545
100099.3425
100099.33551
100099.277
100099.2525
100099.24101
100099.1970798
100099.1955
100099.1765
100099.1705
100099.16816
100099.152045
100099.145
100099.1289649
100099.091
100099.05802
100099.058
100099.05056
100099.0505
100099.042
100099.027505
100099.0241
100098.9731547
100098.96579
100098.955
100098.93304
100098.9319898
100098.9315
100098.92552
100098.8945
100098.86632
100098.86403
0
