100000
104.4495
104.199
103.8995
103.899
103.8985
103.5995
103.4995
103.3985
103.2985
103.2495
103.1495
103.10751
103.10751
103.0495
103.00851
102.959505
102.7485
102.70351
102.6995
102.66201
102.5495
102.51351
102.513015
102.4985
102.449
102.415005
102.41451
102.40951
102.399
102.3975
102.36051
102.3475
102.31151
102.31151
102.266505
102.26601
102.2485
102.21302
102.167505
102.16701
102.1485
102.06801
102.06651
101.9995
101.9975
101.96851
101.96802
101.96802
101.9475
101.897
101.87051
101.87051
101.870505
101.849
101.82151
101.799
101.799
101.798
101.77251
101.748
101.72253
101.6764749
101.648
101.62551
101.62502
101.62453
101.597
101.5965
101.57651
101.548
101.547
101.52653
101.524005
101.498
101.42902
101.38051
101.375505
101.375505
101.364515
101.3465
101.33102
101.326005
101.28153
101.274525
101.2475
101.23351
101.1995
101.1975
101.18353
101.1495
101.1485
101.1475
101.13551
101.13502
101.13404
101.076525
101.049
101.0465
101.0465
100.98851
100.93853
100.92852
100.898
100.8975
100.896
100.8955
100.89051
100.88953
100.878525
100.8485
100.8465
100.8455
100.83051
100.79202
100.79104
100.781545
100.78101
100.7547849
100.7547849
100.7485
100.74253
100.730025
100.6985
100.696
100.69451
100.69402
100.6494398
100.648
100.647
100.6465
100.646
100.64404
100.597
100.59455
100.58202
100.5607449
100.5602598
100.5485
100.5455
100.51152
100.5053798
100.497
100.49655
100.49655
100.46352
100.46352
100.4632398
100.4632398
100.449
100.4485
100.44804
100.445
100.43451
100.39953
100.393545
100.38303
100.36752
100.3662198
100.3662198
100.35102
100.35004
100.3465
100.336005
100.33452
100.30202
100.30153
100.2985
100.297515
100.2965
100.295
100.285515
100.285515
100.284525
100.2691998
100.2691998
100.2647996
100.25302
100.25253
100.25253
100.25204
100.24853
100.246
100.2202047
100.200515
100.1721798
100.15453
100.15355
100.1495
100.1236698
100.1236698
100.10504
100.10504
100.10406
100.095
100.08702
100.08603
100.085535
100.0731998
100.03152
100.006515
100.006515
99.999
99.998
99.996
99.996
99.987525
99.98703
99.9771696
99.95951
99.95755
99.95706
99.9495
99.938025
99.938025
99.9291447
99.9286596
99.8995
99.899
99.898
99.86102
99.860045
99.85906
99.85857
99.83754
99.837045
99.8330998
99.8316396
99.81251
99.81203
99.81153
99.81106
99.81055
99.81006
99.7975
99.790515
99.79002
99.76302
99.762075
99.76106
99.7475
99.745
99.74151
99.741015
99.7360749
99.714545
99.714545
99.71451
99.71304
99.71255
99.6985
99.691515
99.691515
99.690525
99.6865947
99.66404
99.66257
99.648
99.64251
99.6410198
99.63954
99.6390549
99.616575
99.596
99.593505
99.59103
99.59103
99.570015
99.56653
99.5475
99.5445
99.54252
99.54153
99.54153
99.5400945
99.51802
99.51704
99.4985
99.4955
99.49401
99.4930398
99.490545
99.4798147
99.46804
99.45552
99.4479794
99.447
99.447
99.446
99.44451
99.44451
99.442035
99.424515
99.41855
99.4004396
99.399
99.3985
99.3955347
0
