100000
104.4495
104.199
103.8995
103.899
103.8985
103.5995
103.4995
103.3985
103.2985
103.2495
103.1495
103.10751
103.10751
103.0495
103.00851
102.959505
102.7485
102.70351
102.6995
102.66201
102.5495
102.51351
102.513015
102.4985
102.449
102.415005
102.41451
102.40951
102.399
102.3975
102.36051
102.3475
102.31151
102.31151
102.266505
102.26601
102.2485
102.21302
102.167505
102.16701
102.1485
102.06801
102.06651
101.9995
101.9975
101.96851
101.96802
101.96802
101.9475
101.897
101.87051
101.87051
101.870505
101.849
101.82151
101.799
101.799
101.798
101.77251
101.748
101.72253
101.6764749
101.648
101.62551
101.62502
101.62453
101.597
101.5965
101.57651
101.548
101.547
101.52653
101.524005
101.498
101.42902
101.38051
101.375505
101.375505
101.364515
101.3465
101.33102
101.326005
101.28153
101.274525
101.2475
101.23351
101.1995
101.1975
101.18353
101.1495
101.1485
101.1475
101.13551
101.13502
101.13404
101.076525
101.049
101.0465
101.0465
100.98851
100.93853
100.92852
100.898
100.8975
100.896
100.8955
100.89051
100.88953
100.878525
100.8485
100.8465
100.8455
100.83051
100.79202
100.79104
100.781545
100.78101
100.7547849
100.7547849
100.7485
100.74253
100.730025
100.6985
100.696
100.69451
100.69402
100.6494398
100.648
100.647
100.6465
100.646
100.64404
100.597
100.59455
100.58202
100.5607449
100.5602598
100.5485
100.5455
100.51152
100.5053798
100.497
100.49655
100.49655
100.46352
100.46352
100.4632398
100.4632398
100.449
0
