100000
99999.1864
99999.1846
99999.1765
99999.1765
99999.174691
99999.1729
99999.1711
99999.171082
99999.1702
99999.1684
99999.16826
99999.1682509
99999.167491
99999.1674
99999.16462
99999.16462
99999.162982
99999.162091
99999.16007
99999.1600609
99999.1600308
99999.15928
99999.1573309
99999.156691
99999.1564209
99999.1563508
99999.154882
99999.15461
99999.15279
99999.15188
99999.1518618
99999.151291
99999.1495
99999.149482
99999.149482
99999.149482
99999.1482218
99999.1482127
99999.14808
99999.147682
99999.1471416
99999.1468
99999.146791
99999.146764
99999.14648
99999.14648
99999.1463927
99999.14624
99999.1453016
99999.1445727
99999.1444
99999.1443816
99999.1441
99999.144082
99999.14369
99999.1436627
99999.143173
99999.14256
99999.142273
99999.14161
99999.141391
99999.141382
99999.141364
99999.1409327
99999.140464
99999.1400227
99999.1399
99999.1398906
99999.1397816
99999.139591
99999.1391309
99999.1387
99999.138673
99999.1382209
99999.1381936
99999.13796
99999.1379416
99999.1379416
99999.13789
99999.1378
99999.1372927
99999.1372836
99999.1370124
99999.1369507
99999.1369
99999.1361306
99999.135991
99999.135973
99999.1352
99999.1352
99999.1351816
99999.1351724
99999.135073
99999.135055
99999.13428
99999.134182
99999.13417
99999.13368
99999.1336618
99999.1336436
99999.13332
99999.13324
99999.1332214
99999.1327609
99999.1327245
99999.13244
99999.1324
99999.13238
99999.1317
99999.1316905
99999.13152
99999.131482
99999.1313521
99999.1309318
99999.1307405
99999.1305632
99999.1305
99999.1304906
99999.1304407
99999.1304314
99999.1300218
99999.1298
99999.1297
99999.129691
99999.129673
99999.1291209
99999.128755
99999.128755
99999.12832
99999.1278032
99999.1276414
99999.1276321
99999.1272827
99999.1272645
99999.126991
99999.1267114
99999.1264
99999.126091
99999.125981
99999.1258
99999.1257721
99999.1254354
99999.125164
99999.125164
99999.125137
99999.12508
99999.1250524
99999.1248412
99999.1241508
99999.1240905
99999.1239307
99999.123373
99999.123337
99999.12315
99999.12301
99999.1229612
99999.122446
99999.1223016
99999.1218318
99999.1216
99999.1211407
99999.1209127
99999.1199936
99999.1199754
99999.119791
99999.11922
99999.1192012
99999.11912
99999.11864
99999.1186216
99999.1186124
99999.1183905
99999.118381
99999.11836
99999.1183228
99999.11821
99999.1181918
99999.1181645
99999.1176924
99999.1172636
99999.117082
99999.117064
99999.1168
99999.116754
99999.1165
99999.1163812
99999.1163809
99999.1163536
99999.11548
99999.1154527
99999.1153
99999.1153
99999.115264
99999.1149508
99999.1146121
99999.1146
99999.1144918
99999.113473
99999.113464
99999.113455
99999.1131016
99999.113074
99999.11278
99999.1127614
99999.1127521
99999.1127335
99999.1126212
99999.1121908
99999.1121724
99999.112154
99999.112
99999.112
99999.11185
99999.111682
99999.111664
99999.111234
99999.1110304
99999.11093
99999.1109027
99999.1108921
99999.1108845
99999.1108
99999.110781
99999.110773
99999.110773
99999.110755
99999.1107506
99999.110737
99999.1107224
99999.11016
99999.1099836
99999.1099807
99999.1099
99999.10982
99999.10954
99999.10944
99999.1093848
99999.10911
99999.108964
99999.1088715
99999.1088706
99999.1085108
99999.1081727
99999.10816
99999.1081408
99999.108073
99999.1075724
99999.1072809
99999.1072354
99999.1072263
99999.107182
99999.107173
99999.1069718
99999.1069718
99999.106634
99999.1062328
99999.106228
99999.1057508
99999.1057416
99999.1057232
99999.105714
99999.10528
99999.1051
99999.105081
99999.1048124
99999.1046803
99999.104446
99999.1044007
99999.1043914
99999.1043635
99999.10432
99999.1041706
99999.1041424
99999.1033408
99999.1033312
99999.1032024
99999.103162
99999.1027036
99999.1027
99999.102628
99999.102619
99999.1022906
99999.1022718
99999.1022405
99999.1020616
99999.1020248
99999.1020248
99999.1020248
99999.1018027
99999.1017754
99999.101737
99999.1015921
99999.1013224
99999.1011508
99999.1009
99999.1008836
99999.1008563
99999.100855
99999.100846
99999.10042
99999.1003824
99999.10001
99999.0999463
99999.09952
99999.0995104
99999.0995008
99999.0994612
99999.0994612
99999.0993108
99999.0992832
99999.099019
99999.0987928
99999.0987928
99999.0987835
99999.098412
99999.098354
99999.0983356
99999.0983356
99999.098191
99999.09819
99999.098173
99999.0981627
99999.0981627
99999.0981536
99999.0981536
99999.0978814
99999.0978806
99999.0978535
99999.0978442
99999.0975812
99999.0975718
99999.0975712
99999.0974156
99999.0974156
99999.0974102
99999.0972254
99999.09721
99999.0972072
99999.0969607
99999.096373
99999.0963427
99999.0963336
99999.0963063
99999.0963063
99999.0961201
99999.0959503
99999.0956704
99999.0955848
99999.095562
99999.09546
99999.095455
99999.095419
99999.09541
99999.0951301
99999.0949706
99999.0949609
99999.0946924
99999.0946
99999.094591
99999.094573
99999.0944702
99999.0941242
99999.0938
99999.093793
99999.0937816
99999.093754
99999.093637
99999.0935945
99999.0935945
99999.0931942
99999.093
99999.0929
99999.0928624
99999.0928524
99999.0928432
99999.0927215
99999.0927209
99999.0927209
99999.092712
99999.0927118
99999.0926754
99999.0923107
99999.0923014
99999.0922642
99999.09196
99999.09196
99999.0919324
99999.0919224
99999.091914
99999.091914
99999.091913
99999.0919048
99999.0919
99999.091846
99999.0918208
99999.0917715
99999.0917525
99999.09154
99999.0913528
99999.0913249
99999.0910906
99999.0910124
99999.0910124
99999.0910032
99999.0910032
99999.090991
99999.090812
99999.0904414
99999.0901109
99999.090028
99999.0899727
99999.089862
99999.089155
99999.0891356
99999.0891356
99999.0890445
99999.089
99999.0889025
99999.0885442
99999.0885442
99999.0882616
99999.0882616
99999.088255
99999.088228
99999.0881806
99999.0881436
99999.0881436
99999.0881254
99999.088
99999.088
99999.0876102
99999.087337
99999.08731
99999.0872956
99999.0870304
99999.0870304
99999.08699
99999.086419
99999.0863848
99999.0863848
99999.0863327
99999.0862824
99999.0862781
99999.086273
99999.0862406
99999.08623
99999.0861
99999.086032
99999.0857914
99999.0857635
99999.0857542
99999.0856404
99999.0856
99999.085528
99999.0854318
99999.0853772
99999.0853681
99999.0853236
99999.0852803
99999.0850816
99999.08488
99999.0848521
99999.0848149
99999.084664
99999.0845632
99999.0844672
99999.0844306
99999.084393
99999.084393
99999.0838942
99999.083755
99999.083728
99999.0835845
99999.0832215
99999.0829549
99999.08281
99999.08272
99999.0826381
99999.0822905
99999.08227
99999.08227
99999.0822502
99999.08209
99999.0820435
99999.0820342
99999.0820249
99999.081991
99999.081982
99999.081955
99999.081955
99999.081946
99999.08181
99999.0817736
99999.0817645
99999.08174
99999.0815918
99999.081232
99999.081073
99999.0809
99999.0808272
99999.08076
99999.0802021
99999.0802
99999.0801742
99999.080119
99999.08011
99999.07999
99999.0799724
99999.0799718
99999.0797118
99999.079693
99999.0793
99999.0793
99999.079228
99999.07908
99999.0790709
99999.0790709
99999.0790163
99999.078481
99999.0783328
99999.0783328
99999.078319
99999.0781063
99999.0780956
99999.0777808
99999.0775405
99999.077428
99999.077428
99999.077392
99999.0772216
99999.0771872
99999.07684
99999.0768106
99999.0766
99999.0765905
99999.076562
99999.076519
99999.07651
99999.076501
99999.0765007
99999.076492
99999.07648
99999.0764512
99999.0763227
99999.0758404
99999.075619
99999.07561
99999.075601
99999.075593
99999.0755521
99999.0755242
99999.0755149
99999.075472
99999.07544
99999.0753816
99999.0753724
99999.07499
99999.07456
99999.0744572
99999.0744156
99999.0743972
99999.0741
99999.0740624
99999.0740436
99999.0740342
99999.073882
99999.0735324
99999.072982
99999.072982
99999.0729004
99999.07279
99999.0727342
99999.0727335
99999.0727249
99999.07264
99999.0726281
99999.0726124
99999.0725664
99999.072173
0
99999.07198
99999.0717949
99999.0717909
99999.0717856
99999.0716704
99999.0716372
99999.07138
99999.07138
0
99999.0712236
99999.071164
0
