100000
99999.1864
99999.1846
99999.1765
99999.1765
99999.174691
99999.1729
99999.1711
99999.171082
99999.1702
99999.1684
99999.16826
99999.1682509
99999.167491
99999.1674
99999.16462
99999.16462
99999.162982
99999.162091
99999.16007
99999.1600609
99999.1600308
99999.15928
99999.1573309
99999.156691
99999.1564209
99999.1563508
99999.154882
99999.15461
99999.15279
99999.15188
99999.1518618
99999.151291
99999.1495
99999.149482
99999.149482
99999.149482
99999.1482218
99999.1482127
99999.14808
99999.147682
99999.1471416
99999.1468
99999.146791
99999.146764
99999.14648
99999.14648
99999.1463927
99999.14624
99999.1453016
99999.1445727
99999.1444
99999.1443816
99999.1441
99999.144082
99999.14369
99999.1436627
99999.143173
99999.14256
99999.142273
99999.14161
99999.141391
99999.141382
99999.141364
99999.1409327
99999.140464
99999.1400227
99999.1399
99999.1398906
99999.1397816
99999.139591
99999.1391309
99999.1387
99999.138673
99999.1382209
99999.1381936
99999.13796
99999.1379416
99999.1379416
99999.13789
99999.1378
99999.1372927
99999.1372836
99999.1370124
99999.1369507
99999.1369
99999.1361306
99999.135991
99999.135973
99999.1352
99999.1352
99999.1351816
99999.1351724
99999.135073
99999.135055
99999.13428
99999.134182
99999.13417
99999.13368
99999.1336618
99999.1336436
99999.13332
99999.13324
99999.1332214
99999.1327609
99999.1327245
99999.13244
99999.1324
99999.13238
99999.1317
99999.1316905
99999.13152
99999.131482
99999.1313521
99999.1309318
99999.1307405
99999.1305632
99999.1305
99999.1304906
99999.1304407
99999.1304314
99999.1300218
99999.1298
99999.1297
99999.129691
99999.129673
99999.1291209
99999.128755
99999.128755
99999.12832
99999.1278032
99999.1276414
99999.1276321
99999.1272827
99999.1272645
99999.126991
99999.1267114
99999.1264
99999.126091
99999.125981
99999.1258
99999.1257721
99999.1254354
99999.125164
99999.125164
99999.125137
99999.12508
99999.1250524
99999.1248412
99999.1241508
0
