100000
104.4495
104.199
103.8995
103.899
103.8985
103.5995
103.4995
103.3985
103.2985
103.2495
103.1495
103.10751
103.10751
103.0495
103.00851
102.959505
102.7485
102.70351
102.6995
102.66201
102.5495
102.51351
102.513015
102.4985
102.449
102.415005
102.41451
102.40951
102.399
102.3975
102.36051
102.3475
102.31151
102.31151
102.266505
102.26601
102.2485
102.21302
102.167505
102.16701
102.1485
102.06801
102.06651
101.9995
101.9975
101.96851
101.96802
101.96802
101.9475
101.897
101.87051
101.87051
101.870505
101.849
101.82151
101.799
101.799
101.798
101.77251
101.748
101.72253
101.6764749
101.648
101.62551
101.62502
101.62453
101.597
101.5965
101.57651
101.548
101.547
101.52653
101.524005
101.498
101.42902
101.38051
101.375505
101.375505
101.364515
101.3465
101.33102
101.326005
101.28153
101.274525
101.2475
101.23351
101.1995
101.1975
101.18353
101.1495
101.1485
101.1475
101.13551
101.13502
101.13404
101.076525
101.049
101.0465
101.0465
100.98851
100.93853
100.92852
100.898
100.8975
100.896
100.8955
100.89051
100.88953
100.878525
100.8485
100.8465
100.8455
100.83051
100.79202
100.79104
100.781545
100.78101
100.7547849
100.7547849
100.7485
100.74253
100.730025
100.6985
100.696
100.69451
100.69402
100.6494398
100.648
100.647
100.6465
100.646
100.64404
100.597
100.59455
100.58202
100.5607449
100.5602598
100.5485
100.5455
100.51152
100.5053798
100.497
100.49655
100.49655
100.46352
100.46352
100.4632398
100.4632398
100.449
100.4485
100.44804
100.445
100.43451
100.39953
100.393545
100.38303
100.36752
100.3662198
100.3662198
100.35102
100.35004
100.3465
100.336005
100.33452
100.30202
100.30153
100.2985
100.297515
100.2965
100.295
100.285515
100.285515
100.284525
100.2691998
100.2691998
100.2647996
100.25302
100.25253
100.25253
100.25204
100.24853
100.246
100.2202047
100.200515
100.1721798
100.15453
100.15355
100.1495
100.1236698
100.1236698
100.10504
100.10504
100.10406
100.095
100.08702
100.08603
100.085535
100.0731998
100.03152
100.006515
100.006515
99.999
99.998
99.996
99.996
99.987525
99.98703
99.9771696
99.95951
99.95755
99.95706
99.9495
99.938025
99.938025
99.9291447
99.9286596
99.8995
99.899
99.898
99.86102
99.860045
99.85906
99.85857
99.83754
99.837045
99.8330998
99.8316396
99.81251
99.81203
99.81153
99.81106
99.81055
99.81006
99.7975
99.790515
99.79002
99.76302
99.762075
99.76106
99.7475
99.745
99.74151
99.741015
99.7360749
99.714545
99.714545
99.71451
99.71304
99.71255
99.6985
99.691515
99.691515
99.690525
99.6865947
99.66404
99.66257
99.648
99.64251
99.6410198
99.63954
99.6390549
99.616575
99.596
99.593505
99.59103
99.59103
99.570015
99.56653
99.5475
99.5445
99.54252
99.54153
99.54153
99.5400945
99.51802
99.51704
99.4985
99.4955
99.49401
99.4930398
99.490545
99.4798147
99.46804
99.45552
99.4479794
99.447
99.447
99.446
99.44451
99.44451
99.442035
99.424515
99.41855
99.4004396
99.399
99.3985
99.3955347
99.393525
99.392535
99.39204
99.37151
99.37151
99.36906
99.36808
99.34353
99.326545
99.32606
99.32202
99.2975
99.297
99.296505
99.2965
99.2965
99.295515
99.29304
99.292545
99.2896947
99.27204
99.26352
99.2563796
99.2504898
99.2500047
99.246015
99.246
99.244035
99.228575
99.22451
99.22255
99.22206
99.1985
99.19602
99.196
99.196
99.1955
99.195
99.17502
99.17502
99.1529847
99.149
99.1445
99.131575
99.12602
99.12406
99.11904
99.1123196
99.1044747
99.0945
99.085015
99.07751
99.07751
99.07555
99.0564498
99.0549945
99.0485
99.0475
99.0312048
99.02557
99.0167598
99.0064845
98.999505
98.99703
98.9955
98.994
98.97951
98.97951
98.97504
98.97408
98.9682596
98.9584596
98.946
98.946
98.94555
98.942025
98.938545
98.93051
98.92708
98.92656
98.9192792
98.9099496
98.9089794
98.897
98.896545
98.8955
98.8955
98.895
98.89405
98.88151
98.87856
98.8604694
98.848035
98.84754
98.847025
98.845
98.8445
98.844
98.83006
98.8232392
98.8124445
98.799525
98.7931296
98.79159
98.78256
98.78253
98.7756994
98.745515
98.74503
98.745
98.73402
98.73353
98.7281596
98.7271992
98.7173649
98.7154245
98.7144543
98.703575
98.697
98.696045
98.694
98.68551
98.68502
98.68404
98.68306
98.68257
98.68257
98.6688549
98.6673996
98.656075
98.653005
98.6485
98.648055
98.645
98.63856
98.63553
98.63553
98.63455
98.63455
98.63357
98.63259
98.60905
98.603505
98.602515
98.599545
98.59905
98.598
98.5965
98.5935
98.5896
98.58751
98.58506
98.561075
98.55103
98.55006
98.546
98.5416
98.53655
98.53606
98.53557
98.5012896
98.4955
98.49504
98.49456
98.48755
98.4816847
98.4748149
98.4748149
98.4719043
98.455005
98.44752
98.44656
98.4456
98.4445
98.4435
98.44051
98.44002
98.4341547
98.41905
98.4129696
98.406015
98.40553
98.403525
98.3995
98.39808
98.397
98.3915394
98.3910592
98.38955
98.38808
98.357515
98.35703
98.35452
98.35254
98.3495
98.3435194
98.33957
98.33859
98.3287998
98.3268594
98.308045
98.30403
98.30256
98.301555
98.30106
98.2955
98.2954994
98.29302
98.29155
98.2802898
98.2773792
98.2656192
98.26003
98.259545
98.258575
98.25809
98.254035
98.2536
98.25312
98.252055
98.25156
98.2485
98.24157
98.2303245
98.2298394
98.229525
98.209105
98.20656
98.2004198
98.1960294
98.19551
98.19404
98.19306
98.1911
98.1911
98.18253
98.1822996
98.18155
98.16012
98.15952
98.15952
98.15904
98.15904
98.15652
98.15652
98.1523998
98.1485
98.1485
98.147
98.14651
98.14602
98.1455
98.14259
98.11356
98.11162
98.11152
98.11104
98.11056
98.10306
98.099
98.09604
98.095
98.0931
98.0931
98.0931
98.0856
98.06352
98.06304
98.06256
98.056035
98.0524888
98.04802
98.0475
98.04655
98.046
98.0445
98.01552
98.00901
98.0083398
98.0073794
98.0068992
98.0059388
98.0059094
97.99902
97.99902
97.99853
97.99804
97.99804
97.998
97.997
97.99657
97.996
97.9951
97.9897149
0
