100000
99999.1864
99999.1846
99999.1765
99999.1765
99999.174691
99999.1729
99999.1711
99999.171082
99999.1702
99999.1684
99999.16826
99999.1682509
99999.167491
99999.1674
99999.16462
99999.16462
99999.162982
99999.162091
99999.16007
99999.1600609
99999.1600308
99999.15928
99999.1573309
99999.156691
99999.1564209
99999.1563508
99999.154882
99999.15461
99999.15279
99999.15188
99999.1518618
99999.151291
99999.1495
99999.149482
99999.149482
99999.149482
99999.1482218
99999.1482127
99999.14808
99999.147682
99999.1471416
99999.1468
99999.146791
99999.146764
99999.14648
99999.14648
99999.1463927
99999.14624
99999.1453016
99999.1445727
99999.1444
99999.1443816
99999.1441
99999.144082
99999.14369
99999.1436627
99999.143173
99999.14256
99999.142273
99999.14161
99999.141391
99999.141382
99999.141364
99999.1409327
99999.140464
99999.1400227
99999.1399
99999.1398906
99999.1397816
99999.139591
99999.1391309
99999.1387
99999.138673
99999.1382209
99999.1381936
99999.13796
99999.1379416
99999.1379416
99999.13789
99999.1378
99999.1372927
99999.1372836
99999.1370124
99999.1369507
99999.1369
99999.1361306
99999.135991
99999.135973
99999.1352
99999.1352
99999.1351816
99999.1351724
99999.135073
99999.135055
99999.13428
99999.134182
99999.13417
99999.13368
99999.1336618
99999.1336436
99999.13332
99999.13324
99999.1332214
99999.1327609
99999.1327245
99999.13244
99999.1324
99999.13238
99999.1317
99999.1316905
99999.13152
99999.131482
99999.1313521
99999.1309318
99999.1307405
99999.1305632
99999.1305
99999.1304906
99999.1304407
99999.1304314
99999.1300218
99999.1298
99999.1297
99999.129691
99999.129673
99999.1291209
99999.128755
99999.128755
99999.12832
99999.1278032
99999.1276414
99999.1276321
99999.1272827
99999.1272645
99999.126991
99999.1267114
99999.1264
99999.126091
99999.125981
99999.1258
99999.1257721
99999.1254354
99999.125164
99999.125164
99999.125137
99999.12508
99999.1250524
99999.1248412
99999.1241508
99999.1240905
99999.1239307
99999.123373
99999.123337
99999.12315
99999.12301
99999.1229612
99999.122446
99999.1223016
99999.1218318
99999.1216
99999.1211407
99999.1209127
99999.1199936
99999.1199754
99999.119791
99999.11922
99999.1192012
99999.11912
99999.11864
99999.1186216
99999.1186124
99999.1183905
99999.118381
99999.11836
99999.1183228
99999.11821
99999.1181918
99999.1181645
99999.1176924
99999.1172636
99999.117082
99999.117064
99999.1168
99999.116754
99999.1165
99999.1163812
99999.1163809
99999.1163536
99999.11548
99999.1154527
99999.1153
99999.1153
99999.115264
99999.1149508
99999.1146121
99999.1146
99999.1144918
99999.113473
99999.113464
99999.113455
99999.1131016
99999.113074
99999.11278
99999.1127614
99999.1127521
99999.1127335
99999.1126212
99999.1121908
99999.1121724
99999.112154
99999.112
99999.112
99999.11185
99999.111682
99999.111664
99999.111234
99999.1110304
99999.11093
99999.1109027
99999.1108921
99999.1108845
99999.1108
99999.110781
99999.110773
99999.110773
99999.110755
99999.1107506
99999.110737
99999.1107224
99999.11016
99999.1099836
99999.1099807
99999.1099
99999.10982
99999.10954
99999.10944
99999.1093848
99999.10911
99999.108964
99999.1088715
99999.1088706
99999.1085108
99999.1081727
99999.10816
99999.1081408
99999.108073
99999.1075724
99999.1072809
99999.1072354
99999.1072263
99999.107182
99999.107173
99999.1069718
99999.1069718
99999.106634
99999.1062328
99999.106228
99999.1057508
99999.1057416
99999.1057232
99999.105714
99999.10528
99999.1051
99999.105081
99999.1048124
99999.1046803
99999.104446
99999.1044007
99999.1043914
99999.1043635
99999.10432
99999.1041706
99999.1041424
99999.1033408
99999.1033312
99999.1032024
99999.1031905
0
99999.1027
99999.102628
99999.102619
99999.1022906
99999.1022718
99999.1022405
99999.1020616
99999.1020248
0
0
99999.1018027
99999.1017754
0
99999.1015921
99999.1013224
99999.1011508
99999.1009
0
99999.1008563
0
