100000
104.4495
104.199
103.8995
103.899
103.8985
103.5995
103.4995
103.3985
103.2985
103.2495
103.1495
103.10751
103.10751
103.0495
103.00851
102.959505
102.7485
102.70351
102.6995
102.66201
102.5495
102.51351
102.513015
102.4985
102.449
102.415005
102.41451
102.40951
102.399
102.3975
102.36051
102.3475
102.31151
102.31151
102.266505
102.26601
102.2485
102.21302
102.167505
102.16701
102.1485
102.06801
102.06651
101.9995
101.9975
101.96851
101.96802
101.96802
101.9475
101.897
101.87051
101.87051
101.870505
101.849
101.82151
101.799
101.799
101.798
101.77251
101.748
101.72253
101.6764749
101.648
101.62551
101.62502
101.62453
101.597
101.5965
101.57651
101.548
101.547
101.52653
101.524005
101.498
101.42902
0
