200000000
479224.0
479177.0
479132.0
479087.0
479043.0
478999.0
478955.0
478912.0
478869.0
478827.0
478785.0
478743.0
478701.0
478659.0
478617.0
478575.0
478533.0
478492.0
478451.0
478410.0
478369.0
478328.0
478287.0
478246.0
478205.0
478164.0
478123.0
478082.0
478042.0
478002.0
477962.0
477922.0
477882.0
477842.0
477802.0
477762.0
477722.0
477682.0
477643.0
477604.0
477565.0
477526.0
477487.0
477448.0
477409.0
477370.0
477331.0
477292.0
477253.0
477214.0
477175.0
477136.0
477097.0
477058.0
477019.0
476980.0
476941.0
476903.0
476865.0
476827.0
476789.0
476751.0
476713.0
476675.0
476637.0
476599.0
476561.0
476523.0
476485.0
476447.0
476409.0
476371.0
476333.0
476295.0
476257.0
476219.0
476181.0
476143.0
476105.0
0
