20000000000
132473422.52046356
132461501.39808695
132450278.54189356
132439506.42025016
132428772.29745336
132418094.57703306
132407436.05168165
132396844.77278246
132386275.97343576
132375724.45418635
132365176.19677615
132354675.63528256
132344208.91440646
132333790.57507345
132323389.68135436
132313015.04814646
132302673.99676506
132292342.42065956
132282028.81330286
132271717.66439165
132261406.59807596
132251106.51129785
132240807.90267976
132230525.48582536
132220248.87507796
132209992.14931296
132199737.38029806
132189484.58568816
132179245.67877966
132169008.42987566
132158790.72904246
132148590.99033226
132138400.88808376
132128212.58960795
132118035.12578246
132107866.04575355
132097698.18167965
132087534.50583966
132077370.83219986
132067209.22647986
132057059.54748406
132046910.69267786
132036766.95874506
132026632.26855075
132016507.69877236
132006386.65638006
131996278.34636186
131986172.37194426
131976069.20876345
131965974.64714345
131955891.42149405
131945810.67662466
131935738.61526106
131925667.05571266
131915597.67916666
131905530.80986956
131895477.53391255
131885429.40822166
131875397.57313246
131865366.27979136
131855338.51870915
131845316.61066815
131835296.52151716
131825280.38977335
131815264.93728526
131805251.65164135
131795244.06347956
131785237.31572266
131775234.10155855
131765243.17952746
131755260.87551655
131745284.91349286
131735309.03884816
131725336.62536776
131715368.13936806
131705399.98611565
131695435.54625605
131685471.15338735
131675506.78518015
0
