100000
97.0995
96.8995
96.8995
96.749
96.649
96.549
96.3995
96.2495
96.249
96.178005
96.0485
95.9495
95.88051
95.6495
95.6485
95.5985
95.598
95.5495
95.5495
95.53401
95.485005
95.449
95.3985
95.386005
95.35351
95.287005
95.28651
95.1995
95.199
95.1975
95.18751
95.138505
95.138505
95.0995
95.089005
95.0475
95.03901
94.989015
94.96151
94.96102
94.940505
94.940505
94.8995
94.898
94.847
94.76551
94.697
94.697
94.64202
94.61802
94.594005
94.59252
94.59252
94.5475
94.54401
94.52002
94.499
94.395015
94.39452
94.39452
94.39452
94.37351
94.346505
94.32451
94.32402
94.2975
94.29651
94.22553
94.2059349
94.17751
94.17653
94.146525
94.138015
94.12851
94.12802
0
