100000
99999.17645
99999.1747
99999.1747
99999.1738
99999.173791
99999.17372
99999.1729
99999.172891
99999.17099
99999.168382
99999.166582
99999.163882
99999.162991
99999.1628
99999.161182
99999.1609709
99999.1600609
99999.1582
99999.156673
99999.1564118
99999.1563508
99999.1558
99999.1537
99999.1527718
99999.152191
99999.152182
99999.15212
99999.15184
99999.151282
99999.1504
99999.14998
99999.14998
99999.1495
99999.1473118
99999.14716
99999.1471508
99999.146791
99999.146773
99999.1464109
99999.1462507
99999.1462308
99999.1462216
99999.1453108
99999.1446
99999.1445818
99999.1444
99999.1443907
99999.144091
99999.144082
99999.144082
99999.14366
99999.143155
99999.14278
99999.1427618
99999.142291
99999.141382
99999.1400409
99999.1400136
99999.1398
99999.139555
99999.139555
99999.1391036
99999.1388014
99999.138691
99999.138664
99999.1370706
99999.1370308
99999.136873
99999.1361306
99999.13603
99999.1360207
99999.1354636
99999.135082
99999.1345536
99999.1341514
0
