8011008
147892.0
147797.0
147719.0
147649.0
147584.0
147522.0
147467.0
147416.0
147367.0
147318.0
147269.0
147221.0
147173.0
147126.0
147079.0
147033.0
146987.0
146941.0
146896.0
146851.0
146806.0
146761.0
146716.0
146671.0
146626.0
146582.0
146538.0
146494.0
146450.0
146406.0
146363.0
146320.0
146277.0
146235.0
146193.0
146151.0
146109.0
146067.0
146025.0
145983.0
145942.0
145901.0
145860.0
145820.0
145780.0
145740.0
145700.0
145660.0
145621.0
145582.0
145543.0
145504.0
145465.0
145426.0
145387.0
145348.0
145309.0
145270.0
145232.0
145194.0
145156.0
145118.0
145080.0
145042.0
145004.0
144966.0
144928.0
144890.0
144852.0
144814.0
144777.0
144740.0
144703.0
144666.0
144629.0
144592.0
144555.0
144518.0
144481.0
144444.0
144407.0
144370.0
144333.0
144296.0
144259.0
144222.0
144186.0
144150.0
144114.0
144078.0
144042.0
144006.0
143970.0
143934.0
143898.0
143862.0
143826.0
143790.0
143754.0
143719.0
143684.0
143649.0
143614.0
143579.0
143544.0
143509.0
143474.0
143439.0
143404.0
143369.0
143334.0
143299.0
143264.0
143229.0
143194.0
143159.0
143125.0
143091.0
143057.0
143023.0
142989.0
142955.0
142921.0
142887.0
142853.0
142819.0
142785.0
142751.0
142717.0
142683.0
142649.0
142616.0
142583.0
142550.0
142517.0
142484.0
142451.0
142418.0
142385.0
142352.0
142319.0
142286.0
142253.0
142220.0
142187.0
142154.0
142121.0
142088.0
142055.0
142022.0
141990.0
141958.0
141926.0
141894.0
141862.0
141830.0
141798.0
141766.0
141734.0
141702.0
141670.0
141638.0
141606.0
141574.0
141542.0
141510.0
141478.0
141446.0
141414.0
141382.0
141350.0
141318.0
141286.0
141254.0
141222.0
141190.0
141158.0
141126.0
141094.0
141062.0
141031.0
141000.0
140969.0
140938.0
140907.0
140876.0
140845.0
140814.0
140783.0
140752.0
140721.0
140690.0
140659.0
140628.0
140597.0
140566.0
140535.0
140504.0
140473.0
140442.0
140411.0
140380.0
140349.0
140319.0
140289.0
140259.0
140229.0
140199.0
140169.0
140139.0
140109.0
140079.0
140049.0
140019.0
139989.0
139959.0
139929.0
139899.0
139869.0
139839.0
139809.0
139779.0
139749.0
139719.0
139689.0
139660.0
139631.0
139602.0
139573.0
139544.0
139515.0
139486.0
139457.0
139428.0
139399.0
139370.0
139341.0
139312.0
139283.0
139254.0
139225.0
139196.0
139167.0
139138.0
139109.0
139080.0
139051.0
139022.0
138993.0
138964.0
138935.0
138906.0
138877.0
138848.0
138819.0
138790.0
138761.0
138732.0
138703.0
138674.0
138645.0
138616.0
138587.0
138558.0
138529.0
138501.0
138473.0
138445.0
138417.0
138389.0
138361.0
138333.0
138305.0
138277.0
138249.0
138221.0
138193.0
138165.0
138137.0
138109.0
138081.0
138053.0
138025.0
137997.0
137969.0
137941.0
137913.0
137885.0
137857.0
137829.0
137801.0
137773.0
137745.0
137717.0
137689.0
137661.0
137633.0
137605.0
137577.0
137550.0
137523.0
137496.0
137469.0
137442.0
137415.0
137388.0
137361.0
137334.0
137307.0
137280.0
137253.0
137226.0
137199.0
137172.0
137145.0
137118.0
137091.0
137064.0
137037.0
137010.0
136983.0
136956.0
136929.0
136902.0
136875.0
136848.0
136821.0
136794.0
136767.0
136740.0
136713.0
136686.0
136659.0
136632.0
136605.0
136578.0
136551.0
136524.0
136497.0
136470.0
136443.0
136416.0
136389.0
136362.0
136335.0
136308.0
136281.0
136254.0
136227.0
136200.0
136173.0
136146.0
136119.0
136092.0
136065.0
136038.0
136011.0
135985.0
135959.0
135933.0
135907.0
135881.0
135855.0
135829.0
135803.0
135777.0
135751.0
135725.0
135699.0
135673.0
135647.0
135621.0
135595.0
135569.0
135543.0
135517.0
135491.0
135465.0
135439.0
135413.0
135387.0
135361.0
135335.0
135309.0
135283.0
135257.0
135231.0
135205.0
135179.0
135153.0
135127.0
135101.0
135075.0
135049.0
135023.0
134997.0
134971.0
134945.0
134919.0
134893.0
134867.0
134842.0
134817.0
134792.0
134767.0
134742.0
134717.0
134692.0
134667.0
134642.0
134617.0
134592.0
134567.0
134542.0
134517.0
134492.0
134467.0
134442.0
134417.0
134392.0
134367.0
134342.0
134317.0
134292.0
134267.0
134242.0
134217.0
134192.0
134167.0
134142.0
134117.0
134092.0
134067.0
134042.0
134017.0
133992.0
133967.0
133942.0
133917.0
133892.0
133867.0
133842.0
133817.0
133792.0
133767.0
133742.0
133717.0
133692.0
133667.0
133642.0
133617.0
133592.0
133567.0
133542.0
133517.0
133492.0
133467.0
133442.0
133417.0
133392.0
133367.0
133342.0
133317.0
133292.0
133267.0
133242.0
133217.0
133192.0
133167.0
133143.0
133119.0
133095.0
133071.0
133047.0
133023.0
132999.0
132975.0
132951.0
132927.0
132903.0
132879.0
132855.0
132831.0
132807.0
132783.0
132759.0
132735.0
132711.0
132687.0
132663.0
132639.0
132615.0
132591.0
132567.0
132543.0
132519.0
132495.0
132471.0
132447.0
132423.0
132399.0
132375.0
132351.0
132327.0
132303.0
132279.0
132255.0
132231.0
132207.0
132183.0
132159.0
0
