8011008
147892.0
147797.0
147719.0
147649.0
147584.0
147522.0
147467.0
147416.0
147367.0
147318.0
147269.0
147221.0
147173.0
147126.0
147079.0
147033.0
146987.0
146941.0
146896.0
146851.0
146806.0
146761.0
146716.0
146671.0
146626.0
146582.0
146538.0
146494.0
146450.0
146406.0
146363.0
146320.0
146277.0
146235.0
146193.0
146151.0
146109.0
146067.0
146025.0
145983.0
145942.0
145901.0
145860.0
145820.0
145780.0
145740.0
145700.0
145660.0
145621.0
145582.0
145543.0
145504.0
145465.0
145426.0
145387.0
145348.0
145309.0
145270.0
145232.0
145194.0
145156.0
145118.0
145080.0
145042.0
145004.0
0
