683606016
2024.0
2007.0
1993.0
1980.0
1968.0
1957.0
1948.0
1939.0
1930.0
1922.0
1914.0
1906.0
1899.0
1892.0
1885.0
1878.0
1871.0
1865.0
1859.0
1853.0
1847.0
1841.0
1835.0
1830.0
1825.0
1820.0
1815.0
1810.0
1805.0
1800.0
1795.0
1790.0
1785.0
1780.0
1775.0
1770.0
1765.0
1760.0
1755.0
1750.0
1745.0
1740.0
1735.0
1730.0
1725.0
1720.0
1716.0
1712.0
1708.0
1704.0
1700.0
1696.0
1692.0
1688.0
1684.0
1680.0
1676.0
1672.0
1668.0
1664.0
1660.0
1656.0
1652.0
1648.0
1644.0
1640.0
1636.0
1632.0
1628.0
1624.0
1620.0
1616.0
1612.0
1608.0
1604.0
1600.0
1596.0
1592.0
1588.0
1584.0
1580.0
1576.0
1572.0
1568.0
1564.0
1560.0
1556.0
1552.0
1548.0
1544.0
1540.0
1536.0
1532.0
1528.0
1524.0
1520.0
1516.5
1513.5
1510.5
1507.5
1504.5
1501.5
1498.5
1495.5
1492.5
1489.5
1486.5
1483.5
1480.5
1477.5
1474.5
1471.5
1468.5
1465.5
1462.5
1459.5
1456.5
1453.5
1450.5
1447.5
1444.5
1441.5
1438.5
1435.5
1432.5
1429.5
1426.5
1423.5
1420.5
1417.5
1414.5
1411.5
1408.5
1405.5
1402.5
1399.5
1396.5
1393.5
1390.5
1387.5
1384.5
1381.5
1378.5
1375.5
1372.5
1369.5
1366.5
1363.5
1360.5
1357.5
1354.5
1351.5
1348.5
1345.5
1342.5
1339.5
1336.5
1333.5
1330.5
1327.5
1324.5
1321.5
1318.5
1315.5
1312.5
0
