683606016
2024.0
2007.0
1993.0
1980.0
1968.0
1957.0
1948.0
1939.0
1930.0
1922.0
1914.0
1906.0
1899.0
1892.0
1885.0
1878.0
1871.0
1865.0
1859.0
1853.0
1847.0
1841.0
1835.0
1830.0
1825.0
1820.0
1815.0
1810.0
1805.0
1800.0
1795.0
1790.0
1785.0
1780.0
1775.0
1770.0
1765.0
1760.0
1755.0
1750.0
1745.0
1740.0
1735.0
1730.0
1725.0
1720.0
1716.0
1712.0
1708.0
1704.0
1700.0
1696.0
1692.0
1688.0
1684.0
1680.0
1676.0
1672.0
1668.0
1664.0
1660.0
1656.0
1652.0
1648.0
1644.0
1640.0
1636.0
1632.0
1628.0
1624.0
1620.0
1616.0
1612.0
1608.0
1604.0
1600.0
1596.0
1592.0
1588.0
1584.0
1580.0
1576.0
1572.0
1568.0
1564.0
1560.0
1556.0
1552.0
1548.0
1544.0
1540.0
1536.0
1532.0
1528.0
1524.0
1520.0
1516.5
1513.5
1510.5
1507.5
1504.5
1501.5
1498.5
1495.5
1492.5
1489.5
1486.5
1483.5
1480.5
1477.5
1474.5
1471.5
1468.5
1465.5
1462.5
1459.5
1456.5
1453.5
1450.5
1447.5
1444.5
1441.5
1438.5
1435.5
1432.5
1429.5
1426.5
1423.5
1420.5
1417.5
1414.5
1411.5
1408.5
1405.5
1402.5
1399.5
1396.5
1393.5
1390.5
1387.5
1384.5
1381.5
1378.5
1375.5
1372.5
1369.5
1366.5
1363.5
1360.5
1357.5
1354.5
1351.5
1348.5
1345.5
1342.5
1339.5
1336.5
1333.5
1330.5
1327.5
1324.5
1321.5
1318.5
1315.5
1312.5
1309.5
1306.5
1303.5
1300.5
1297.5
1294.5
1291.5
1288.5
1285.5
1282.5
1279.5
1276.5
1273.5
1270.5
1267.5
1264.5
1261.5
1258.5
1255.5
1252.5
1249.5
1246.5
1243.5
1241.5
1239.5
1237.5
1235.5
1233.5
1231.5
1229.5
1227.5
1225.5
1223.5
1221.5
1219.5
1217.5
1215.5
1213.5
1211.5
1209.5
1207.5
1205.5
1203.5
1201.5
1199.5
1197.5
1195.5
1193.5
1191.5
1189.5
1187.5
1185.5
1183.5
1181.5
1179.5
1177.5
1175.5
1173.5
1171.5
1169.5
1167.5
1165.5
1163.5
1161.5
1159.5
1157.5
1155.5
1153.5
1151.5
1149.5
1147.5
1145.5
1143.5
1141.5
1139.5
1137.5
1135.5
1133.5
1131.5
1129.5
1127.5
1125.5
1123.5
1121.5
1119.5
1117.5
1115.5
1113.5
1111.5
1109.5
1107.5
1105.5
1103.5
1101.5
1099.5
1097.5
1095.5
1093.5
1091.5
1089.5
1087.5
1085.5
1083.5
1081.5
1079.5
1077.5
1075.5
1073.5
1071.5
1069.5
1067.5
1065.5
1063.5
1061.5
1059.5
1057.5
1055.5
1053.5
1051.5
1049.5
1047.5
1045.5
1043.5
1041.5
1039.5
1037.5
1035.5
1033.5
1031.5
1029.5
1027.5
1025.5
1023.5
1021.5
1019.5
1017.5
1015.5
1013.5
1011.5
1009.5
1007.5
1005.5
1003.5
1001.5
999.5
997.5
995.5
993.5
991.5
989.5
987.5
985.5
983.5
981.5
979.5
977.5
975.5
973.5
971.5
969.5
967.5
965.5
963.5
961.5
959.5
957.5
955.5
953.5
951.5
949.5
947.5
945.5
943.5
941.5
939.5
937.5
935.5
933.5
931.5
929.5
927.5
925.5
923.5
921.5
919.5
917.5
915.5
913.5
911.5
909.5
907.5
905.5
903.5
901.5
899.5
897.5
895.5
893.5
891.5
889.5
887.5
885.5
883.5
881.5
879.5
877.5
875.5
873.5
871.5
869.5
867.5
865.5
863.5
861.5
859.5
857.5
855.5
853.5
851.5
849.5
847.5
845.5
843.5
841.5
839.5
837.5
835.5
833.5
831.5
829.5
827.5
825.5
823.5
821.5
819.5
817.5
815.5
813.5
811.5
809.5
807.5
805.5
803.5
801.5
799.5
797.5
795.5
793.5
791.5
789.5
787.5
785.5
783.5
781.5
779.5
777.5
775.5
773.5
771.5
769.5
767.5
765.5
763.5
761.5
759.5
757.5
755.5
753.5
751.5
749.5
747.5
745.5
743.5
741.5
739.5
737.5
735.5
733.5
731.5
729.5
727.5
725.5
723.5
721.5
719.5
717.5
715.5
713.5
711.5
709.5
707.5
705.5
703.5
701.5
699.5
697.8333333333303
696.6666666666667
695.6666666666667
694.6666666666667
693.6666666666667
692.6666666666667
691.6666666666667
690.6666666666667
689.6666666666667
688.6666666666667
687.6666666666667
686.6666666666667
685.6666666666667
684.6666666666667
683.6666666666667
682.6666666666667
681.6666666666667
680.6666666666667
679.6666666666667
678.6666666666667
677.6666666666667
676.6666666666667
675.6666666666667
674.6666666666667
673.6666666666667
672.6666666666667
671.6666666666667
670.6666666666667
669.6666666666667
668.6666666666667
667.6666666666667
666.6666666666667
665.6666666666667
664.6666666666667
663.6666666666667
662.6666666666667
661.6666666666667
660.6666666666667
659.6666666666667
658.6666666666667
657.6666666666667
656.6666666666667
655.6666666666667
654.6666666666667
653.6666666666667
652.6666666666667
651.6666666666667
650.6666666666667
649.6666666666667
648.6666666666667
647.6666666666667
646.6666666666667
645.6666666666667
644.6666666666667
643.6666666666667
642.6666666666667
641.6666666666667
640.6666666666667
639.6666666666667
638.6666666666667
637.6666666666667
636.6666666666667
635.6666666666667
634.6666666666667
633.6666666666667
632.6666666666667
631.6666666666667
630.6666666666667
629.6666666666667
628.6666666666667
627.6666666666667
626.6666666666667
625.6666666666667
624.6666666666667
623.6666666666667
622.6666666666667
621.6666666666667
620.6666666666667
619.6666666666667
618.6666666666667
617.6666666666667
616.6666666666667
615.6666666666667
614.6666666666667
613.6666666666667
612.6666666666667
611.6666666666667
610.6666666666667
609.6666666666667
608.6666666666667
607.6666666666667
606.6666666666667
605.6666666666667
604.6666666666667
603.6666666666667
602.6666666666667
601.6666666666667
600.6666666666667
599.6666666666667
598.6666666666667
597.6666666666667
596.6666666666667
595.6666666666667
594.6666666666667
593.6666666666667
592.6666666666667
591.6666666666667
590.6666666666667
589.6666666666667
588.6666666666667
587.6666666666667
586.6666666666667
585.6666666666667
584.6666666666667
583.6666666666667
582.6666666666667
581.6666666666667
580.6666666666667
579.6666666666667
578.6666666666667
577.6666666666667
576.6666666666667
575.6666666666667
574.6666666666667
573.6666666666667
572.6666666666667
571.6666666666667
570.6666666666667
569.6666666666667
568.6666666666667
567.6666666666667
566.6666666666667
565.6666666666667
564.6666666666667
563.6666666666667
562.6666666666667
561.6666666666667
560.6666666666667
559.6666666666667
558.6666666666667
557.6666666666667
556.6666666666667
555.6666666666667
554.6666666666667
553.6666666666667
552.6666666666667
551.6666666666667
550.6666666666667
549.6666666666667
548.6666666666667
547.6666666666667
546.6666666666667
545.6666666666667
544.6666666666667
543.6666666666667
542.6666666666667
541.6666666666667
540.6666666666667
539.6666666666667
538.6666666666667
537.6666666666667
536.6666666666667
535.6666666666667
534.6666666666667
533.6666666666667
532.6666666666667
531.6666666666667
530.6666666666667
529.6666666666667
528.6666666666667
527.6666666666667
526.6666666666667
525.6666666666667
524.6666666666667
523.6666666666667
522.6666666666667
521.6666666666667
520.6666666666667
519.6666666666667
518.6666666666667
517.6666666666667
516.6666666666667
515.6666666666667
514.6666666666667
513.6666666666667
512.6666666666667
511.66666666666674
510.66666666666674
509.66666666666674
508.66666666666674
507.66666666666674
506.66666666666674
505.66666666666674
0
