683606016
2024.0
2007.0
1993.0
1980.0
1968.0
1957.0
1948.0
1939.0
1930.0
1922.0
1914.0
1906.0
1899.0
1892.0
1885.0
1878.0
1871.0
1865.0
1859.0
1853.0
1847.0
1841.0
1835.0
1830.0
1825.0
1820.0
1815.0
1810.0
1805.0
1800.0
1795.0
1790.0
1785.0
1780.0
1775.0
1770.0
1765.0
1760.0
1755.0
1750.0
1745.0
1740.0
1735.0
1730.0
1725.0
1720.0
1716.0
1712.0
1708.0
1704.0
1700.0
1696.0
1692.0
1688.0
1684.0
1680.0
1676.0
1672.0
1668.0
1664.0
1660.0
1656.0
1652.0
1648.0
1644.0
1640.0
1636.0
1632.0
1628.0
1624.0
1620.0
1616.0
1612.0
1608.0
1604.0
1600.0
1596.0
1592.0
1588.0
1584.0
1580.0
1576.0
1572.0
1568.0
1564.0
1560.0
1556.0
1552.0
1548.0
1544.0
1540.0
1536.0
1532.0
1528.0
1524.0
1520.0
1516.5
1513.5
1510.5
1507.5
1504.5
1501.5
1498.5
1495.5
1492.5
1489.5
1486.5
1483.5
1480.5
1477.5
1474.5
1471.5
1468.5
1465.5
1462.5
1459.5
1456.5
1453.5
1450.5
1447.5
1444.5
1441.5
1438.5
1435.5
1432.5
1429.5
1426.5
1423.5
1420.5
1417.5
1414.5
1411.5
1408.5
1405.5
1402.5
1399.5
1396.5
1393.5
1390.5
1387.5
1384.5
1381.5
1378.5
1375.5
1372.5
1369.5
1366.5
1363.5
1360.5
1357.5
1354.5
1351.5
1348.5
1345.5
1342.5
1339.5
1336.5
1333.5
1330.5
1327.5
1324.5
1321.5
1318.5
1315.5
1312.5
1309.5
1306.5
1303.5
1300.5
1297.5
1294.5
1291.5
1288.5
1285.5
1282.5
1279.5
1276.5
1273.5
1270.5
1267.5
1264.5
1261.5
1258.5
1255.5
1252.5
1249.5
1246.5
1243.5
1241.5
1239.5
1237.5
1235.5
1233.5
1231.5
1229.5
1227.5
1225.5
1223.5
1221.5
1219.5
1217.5
1215.5
1213.5
1211.5
1209.5
1207.5
1205.5
1203.5
1201.5
1199.5
1197.5
1195.5
1193.5
1191.5
1189.5
1187.5
1185.5
1183.5
1181.5
1179.5
1177.5
1175.5
1173.5
1171.5
1169.5
1167.5
1165.5
1163.5
1161.5
1159.5
1157.5
1155.5
1153.5
1151.5
1149.5
1147.5
1145.5
1143.5
1141.5
1139.5
1137.5
1135.5
1133.5
1131.5
1129.5
1127.5
1125.5
1123.5
1121.5
1119.5
1117.5
1115.5
1113.5
1111.5
1109.5
1107.5
1105.5
1103.5
1101.5
1099.5
1097.5
1095.5
1093.5
1091.5
1089.5
1087.5
1085.5
1083.5
1081.5
1079.5
1077.5
1075.5
1073.5
1071.5
1069.5
1067.5
1065.5
1063.5
1061.5
1059.5
1057.5
1055.5
1053.5
1051.5
1049.5
1047.5
1045.5
1043.5
1041.5
1039.5
1037.5
1035.5
1033.5
1031.5
1029.5
1027.5
1025.5
1023.5
1021.5
1019.5
1017.5
1015.5
1013.5
1011.5
1009.5
1007.5
1005.5
1003.5
1001.5
999.5
997.5
995.5
993.5
991.5
989.5
987.5
985.5
983.5
981.5
979.5
977.5
975.5
973.5
971.5
969.5
967.5
965.5
0
