7500000000
2999671.0
2999664.0
2999657.0
2999650.0
2999643.0
2999636.0
2999629.0
2999622.0
2999615.0
2999608.0
2999601.0
2999594.0
2999587.0
2999580.0
2999573.0
2999566.0
2999559.0
2999552.0
2999545.0
2999538.0
2999531.0
2999524.0
2999517.0
2999510.0
2999503.0
2999496.0
2999489.0
2999482.0
2999475.0
2999468.0
2999461.0
2999454.0
2999447.0
2999440.0
2999433.0
2999426.0
2999419.0
2999412.0
2999405.0
2999398.0
2999391.0
2999384.0
2999377.0
2999370.0
2999363.0
2999356.0
2999349.0
2999342.0
2999335.0
2999328.0
2999321.0
2999314.0
2999307.0
2999300.0
2999293.0
2999286.0
2999279.0
2999272.0
2999265.0
2999258.0
2999251.0
2999244.0
2999237.0
2999230.0
2999223.0
2999216.0
2999209.0
2999202.0
2999195.0
2999188.0
2999181.0
2999174.0
2999167.0
2999160.0
2999153.0
2999146.0
2999139.0
2999132.0
2999125.0
2999118.0
2999111.0
2999104.0
2999097.0
2999090.0
2999083.0
2999076.0
2999069.0
2999062.0
2999055.0
2999048.0
2999041.0
2999034.0
2999027.0
0
