75000000000
76520242.0
76515767.0
76511486.0
76507213.0
76502944.0
76498762.0
76494581.0
76490412.0
76486292.0
76482176.0
76478070.0
76473965.0
76469864.0
76465814.0
76461771.0
76457728.0
76453691.0
76449671.0
76445671.0
76441685.0
76437704.0
76433762.0
76429846.0
76425934.0
76422024.0
76418121.0
76414218.0
76410331.0
76406466.0
76402602.0
76398738.0
76394886.0
76391043.0
76387208.0
76383374.0
76379548.0
76375724.0
76371905.0
76368086.0
76364279.0
76360475.0
76356673.0
76352874.0
76349079.0
76345291.0
76341505.0
76337723.0
76333942.0
76330163.0
76326385.0
76322608.0
76318846.0
76315085.0
76311331.0
76307579.0
76303831.0
76300085.0
76296342.0
76292603.0
76288866.0
76285129.0
76281397.0
76277665.0
76273934.0
76270206.0
76266479.0
76262756.0
76259033.0
76255315.0
76251604.0
76247894.0
76244188.0
76240485.0
76236786.0
76233092.0
76229400.0
76225713.0
76222035.0
76218358.0
76214685.0
76211013.0
76207345.0
76203678.0
0
