1875000000
750594.0
750587.0
750580.0
750573.0
750566.0
750559.0
750552.0
750545.0
750538.0
750531.0
750524.0
750517.0
750510.0
750503.0
750496.0
750489.0
750482.0
750475.0
750468.0
750461.0
750454.0
750447.0
750440.0
750433.0
750426.0
750419.0
750412.0
750405.0
750398.0
750391.0
750384.0
750377.0
750370.0
750363.0
750356.0
750349.0
750342.0
750335.0
750328.0
750321.0
750314.0
750307.0
750300.0
750293.0
750286.0
750279.0
750272.0
750265.0
750258.0
750251.0
750244.0
750237.0
750230.0
750223.0
750216.0
750209.0
750202.0
750195.0
750188.0
750181.0
750174.0
750167.0
750160.0
750153.0
750146.0
750139.0
750132.0
750125.0
750118.0
750111.0
750104.0
750097.0
750090.0
750083.0
750076.0
750069.0
750062.0
750055.0
750048.0
750041.0
750034.0
750027.0
750020.0
750013.0
750006.0
749999.0
749992.0
0
