18750000000
19170865.0
19166795.0
19162798.0
19158844.0
19154894.0
19150970.0
19147078.0
19143232.0
19139388.0
19135570.0
19131766.0
19127966.0
19124185.0
19120409.0
19116635.0
19112911.0
19109194.0
19105482.0
19101777.0
19098091.0
19094409.0
19090747.0
19087088.0
19083430.0
19079785.0
19076142.0
19072504.0
19068883.0
19065264.0
19061654.0
19058047.0
19054447.0
19050852.0
19047260.0
19043670.0
19040090.0
19036542.0
19033001.0
19029468.0
19025940.0
19022433.0
19018928.0
19015427.0
19011928.0
19008429.0
19004934.0
19001452.0
18997985.0
18994519.0
18991076.0
18987639.0
18984204.0
18980783.0
18977365.0
18973951.0
18970539.0
18967128.0
18963722.0
18960320.0
18956925.0
18953530.0
18950136.0
18946744.0
18943352.0
18939963.0
18936577.0
18933192.0
18929820.0
18926451.0
18923087.0
18919725.0
18916366.0
18913020.0
18909677.0
18906339.0
18903002.0
18899667.0
18896335.0
18893008.0
0
