_3 Q9_max 0.125 0.24776842594146728 358.0 0.005965458661287756 9.319000000003143
_3 Q9_max 0.25 0.2442869186401367 163.0 0.002716116653044425 7.589000000007218
_3 Q9_max 0.5 0.24547677040100097 79.0 0.0013164000956472981 6.248999999996158
_3 Q9_max 1 0.24247798919677735 40.0 0.0006665316939986318 5.149000000004889
_3 Q9_max 2 0.24305574893951415 20.0 0.0003332658469993159 4.489000000001397
_3 Q9_max 4 0.24359707832336425 10.0 0.00016663292349965796 3.6889999999984866
_3 Q9_max 8 0.2440725564956665 5.0 8.331646174982898e-05 3.3289999999979045
_3 Q18_max 0.125 0.24644639492034912 0.0 0.0 0.0
_3 Q18_max 0.25 0.24181001186370848 0.0 0.0 0.0
_3 Q18_max 0.5 0.2421015501022339 0.0 0.0 0.0
_3 Q18_max 1 0.24316422939300536 0.0 0.0 0.0
_3 Q18_max 2 0.24294500350952147 0.0 0.0 0.0
_3 Q18_max 4 0.23978209495544434 0.0 0.0 0.0
_3 Q18_max 8 0.24094038009643554 0.0 0.0 0.0
_3 Q7_max 0.125 0.2459040880203247 309.8333333333333 0.016945135679582887 5.049499999999995
_3 Q7_max 0.25 0.24239251613616944 154.0 0.008422434302277888 3.9994999999999976
_3 Q7_max 0.5 0.24437942504882812 77.0 0.004211217151138944 3.0194999999999936
_3 Q7_max 1 0.2411341190338135 37.0 0.0020235718778200116 2.2295000000000016
_3 Q7_max 2 0.24395251274108887 19.0 0.0010391315048264925 1.7794999999999987
_3 Q7_max 4 0.24212822914123536 10.0 0.0005469113183297329 1.2994999999999948
_3 Q7_max 8 0.24239652156829833 5.0 0.00027345565916486644 0.8494999999999919
_3 Q9_min 0.125 0.2452064037322998 525.0 0.008748228483732044 4.013544999994338
_3 Q9_min 0.25 0.24489645957946776 220.0 0.0036659243169924753 3.213544999991427
_3 Q9_min 0.5 0.24326651096343993 97.0 0.0016163393579466826 2.53354499998386
_3 Q9_min 1 0.2404409646987915 45.0 0.000749848155748461 1.9435449999873526
_3 Q9_min 2 0.24429116249084473 22.0 0.0003665924316992476 1.4135449999885168
_3 Q9_min 4 0.24402737617492676 12.0 0.00019995950819958958 1.063544999997248
_3 Q9_min 8 0.243524432182312 6.0 9.997975409979479e-05 0.7535449999850243
_3 Q18_min 0.125 0.24204204082489014 0.0 0.0 0.0
_3 Q18_min 0.25 0.24268064498901368 0.0 0.0 0.0
_3 Q18_min 0.5 0.24336729049682618 0.0 0.0 0.0
_3 Q18_min 1 0.23880403041839598 0.0 0.0 0.0
_3 Q18_min 2 0.24299223423004152 0.0 0.0 0.0
_3 Q18_min 4 0.24175746440887452 0.0 0.0 0.0
_3 Q18_min 8 0.24258847236633302 0.0 0.0 0.0
_3 Q7_min 0.125 0.24512901306152343 249.0 0.013618091826410347 0.07640000000537839
_3 Q7_min 0.25 0.24144389629364013 125.0 0.006836391479121661 0.05640000000130385
_3 Q7_min 0.5 0.2415496826171875 70.0 0.0038283792283081296 0.04640000000654254
_3 Q7_min 1 0.2440023899078369 34.0 0.0018594984823210915 0.036399999997229315
_3 Q7_min 2 0.24218192100524902 9.0 0.0004922201864967596 0.016400000007706694
_3 Q7_min 4 0.2395338535308838 9.0 0.0004922201864967596 0.016400000007706694
_3 Q7_min 8 0.24268596172332763 2.0 0.00010938226366594658 0.0063999999983934686
