_3 Q9_median_0.5 0.125 804.3355535268784 15937.5 0.2655712218275799 0.1314597333354565
_3 Q9_median_0.5 0.25 419.2466583013535 7850.5 0.1308151765934065 0.06479306666490932
_3 Q9_median_0.5 0.5 229.97898709774017 4861.5 0.08100859575935875 0.04041760000109207
_3 Q9_median_0.5 1 135.44671845436096 2029.1666666666667 0.03381259739347227 0.01708426666543043
_3 Q9_median_0.5 2 88.21667635440826 703.8333333333334 0.011728180598984263 0.006042133332812227
_3 Q9_median_0.5 4 64.17356860637665 703.8333333333334 0.011728180598984263 0.006042133332812227
_3 Q9_median_0.5 8 51.32575225830078 226.5 0.0037742357172672533 0.0018735999910859391
_3 Q18_median_0.5 0.125 1201.686029958725 393.1666666666667 0.00655145110892822 0.1300000000000002
_3 Q18_median_0.5 0.25 644.2761830091476 0.0 0.0 0.0
_3 Q18_median_0.5 0.5 352.8272443294525 196.58333333333334 0.00327572555446411 0.1466666666666665
_3 Q18_median_0.5 1 200.43418996334077 0.0 0.0 0.0
_3 Q18_median_0.5 2 120.62620079517365 0.0 0.0 0.0
_3 Q18_median_0.5 4 80.96014623641967 0.0 0.0 0.0
_3 Q18_median_0.5 8 59.358270931243894 0.0 0.0 0.0
_3 Q9_median_0.75 0.125 434.8060962677002 22374.25 0.3728286688612223 0.2751471999969605
_3 Q9_median_0.75 0.25 235.64214539527893 14906.916666666666 0.24839831045324434 0.18514719999802765
_3 Q9_median_0.75 0.5 137.59312677383423 8825.416666666666 0.14706049802692733 0.1101471999985127
_3 Q9_median_0.75 1 88.47444138526916 3488.0833333333335 0.05812295232437653 0.04348053333281617
_3 Q9_median_0.75 2 63.53344533443451 1994.25 0.03323077076891929 0.025147199994535185
_3 Q9_median_0.75 4 50.74030818939209 808.25 0.013468106041859856 0.01014720000239322
_3 Q9_median_0.75 8 43.98077213764191 411.25 0.006852778978923433 0.005147200005012564
_3 Q18_median_0.75 0.125 627.4590735673904 0.0 0.0 0.0
_3 Q18_median_0.75 0.25 345.6111332416534 0.0 0.0 0.0
_3 Q18_median_0.75 0.5 196.78514778614044 0.0 0.0 0.0
_3 Q18_median_0.75 1 118.03499221801758 0.0 0.0 0.0
_3 Q18_median_0.75 2 76.52219812870025 0.0 0.0 0.0
_3 Q18_median_0.75 4 55.8665874004364 0.0 0.0 0.0
_3 Q18_median_0.75 8 45.113993072509764 0.0 0.0 0.0
_3 Q7_median_0.5 1 5208.19553322792 6453.0 0.35292187371817657 0.24341400000000135
_3 Q7_median_0.75 1 2940.5327375888824 3847.5 0.21042412972736474 0.1670012000000014