_0 Q9_max 1 0.240484619140625 38.0 0.005062657042289174 4.605000000010477
_1 Q9_max 1 0.24375674724578858 41.0 0.00273410070426433 3.7369999999937136
_2 Q9_max 1 0.24437596797943115 40.0 0.001333479571593018 3.534014999997453
_3 Q9_max 1 0.24491946697235106 40.0 0.0006665316939986318 5.149000000004889
_4 Q9_max 1 0.2458487033843994 39.0 0.00032505428406543895 3.4424999999901047
_5 Q9_max 1 0.2452840805053711 40.0 0.0001666902533375139 2.173000000009779
_0 Q18_max 1 0.24209170341491698 0.0 0.0 0.0
_1 Q18_max 1 0.24269092082977295 0.0 0.0 0.0
_2 Q18_max 1 0.24283523559570314 0.0 0.0 0.0
_3 Q18_max 1 0.24150397777557372 0.0 0.0 0.0
_4 Q18_max 1 0.24272558689117432 0.0 0.0 0.0
_5 Q18_max 1 0.24313559532165527 0.0 0.0 0.0
_0 Q7_max 1 0.24269611835479737 37.0 0.016182079003533818 2.4994999999999976
_1 Q7_max 1 0.24312834739685057 39.0 0.008519990300318735 2.1095000000000113
_2 Q7_max 1 0.24120688438415527 37.0 0.004044325810887325 1.7489999999999952
_3 Q7_max 1 0.24430482387542723 37.0 0.0020235718778200116 2.2295000000000016
_4 Q7_max 1 0.2439110517501831 37.0 0.0010150629860299898 1.3989999999999867
_5 Q7_max 1 0.24407572746276857 37.0 0.0005076213863359572 1.2889999999999873
_0 Q9_min 1 0.24244191646575927 52.0 0.0069278464789220276 2.549998999995296
_1 Q9_min 1 0.24381380081176757 46.0 0.0030675276194185165 1.6306400000030408
_2 Q9_min 1 0.24350168704986572 46.0 0.0015335015073319705 2.857000000003609
_3 Q9_min 1 0.2444624423980713 45.0 0.000749848155748461 1.9435449999873526
_4 Q9_min 1 0.2454636812210083 42.0 0.0003500584597627803 2.1055499999929452
_5 Q9_min 1 0.24783737659454347 40.0 0.0001666902533375139 1.4745599999878323
_0 Q18_min 1 0.24296171665191652 0.0 0.0 0.0
_1 Q18_min 1 0.24299383163452148 0.0 0.0 0.0
_2 Q18_min 1 0.24292426109313964 0.0 0.0 0.0
_3 Q18_min 1 0.2423166513442993 0.0 0.0 0.0
_4 Q18_min 1 0.24211726188659669 0.0 0.0 0.0
_5 Q18_min 1 0.24260985851287842 0.0 0.0 0.0
_0 Q7_min 1 0.2430476427078247 27.0 0.011808544137713865 0.030990999992354773
_1 Q7_min 1 0.24330675601959229 31.0 0.006772299982304635 0.026449999990290962
_2 Q7_min 1 0.24364836215972902 21.0 0.002295428162936049 0.027300000001559965
_3 Q7_min 1 0.2436697244644165 34.0 0.0018594984823210915 0.036399999997229315
_4 Q7_min 1 0.24400713443756103 34.0 0.0009327605817572878 0.023699999990640208
_5 Q7_min 1 0.24421923160552977 21.0 0.00028810943548797575 0.015509000004385598
