_3 Q9_max 0.125 90.73271077156068 2797.05 0.04660806186747183 14.13851581542085 128 -4 4 1024
_3 Q9_max 0.25 89.7704136276245 142.03333333333333 0.002366742956773476 13.519572353731354 128 -8 16 1024
_3 Q9_max 0.5 89.84259270429611 56.96666666666667 0.0009492522208697183 12.257882181553608 128 -8 32 1024
_3 Q9_max 1 91.1077272439003 3985.866666666667 0.06641766153465035 15.104584309366933 128 -8 32 1024
_3 Q9_max 2 92.18500520944595 22239.783333333333 0.3705880114832302 19.436961073979393 128 -8 32 1024
_3 Q9_max 4 88.03839558124542 23357.233333333334 0.38920840751969954 20.705196267535488 128 -8 64 1024
_3 Q9_max 8 92.15767694711685 116812.58333333333 1.9464822262380754 34.55567265648554 128 -8 64 1024
_3 Q18_max 0.125 71.32765922546386 201589.06666666668 3.3591375524234097 1.3589066722704028 64 0 8 64
_3 Q18_max 0.25 72.02052271842956 187632.93333333332 3.126582422614974 1.3386148630789103 64 0 16 64
_3 Q18_max 0.5 72.21790813684464 239470.0 3.9903586190463063 1.7232656266458233 64 0 16 64
_3 Q18_max 1 72.30727502584458 239470.0 3.9903586190463063 1.9675273196375458 64 0 16 64
_3 Q18_max 2 72.07883418321609 239470.0 3.9903586190463063 1.9979398094047724 64 0 16 64
_3 Q18_max 4 71.88235209226609 239470.0 3.9903586190463063 1.9992842432970288 64 0 16 64
_3 Q18_max 8 72.45057742357254 239470.0 3.9903586190463063 1.999415770946777 64 0 16 64
_3 Q9_min 0.125 91.61632592439652 437545.4 7.290946916582723 10.576754662471949 128 -4 4 1024
_3 Q9_min 0.25 89.2339568901062 600852.1333333333 10.012174756833959 11.51671651669877 128 -8 16 1024
_3 Q9_min 0.5 87.7618266749382 515309.11666666664 8.5867464616193 11.021513004829336 128 -8 32 1024
_3 Q9_min 1 93.28942210435868 381878.5833333333 6.36335447627411 10.263765646835436 128 -8 32 1024
_3 Q9_min 2 87.35042424678802 302766.63333333336 5.045088925048234 9.822257042326134 128 -8 32 1024
_3 Q9_min 4 91.35449062108994 306696.61666666664 5.1105753862620595 9.844961673386093 128 -8 64 1024
_3 Q9_min 8 89.22618539571762 316805.1 5.279015999260152 9.896806964492074 128 -8 64 1024
_3 Q18_min 0.125 76.73799305677414 359908.0 5.997252223091492 2.079506002123368 64 0 8 64
_3 Q18_min 0.25 72.67423962831498 359908.0 5.997252223091492 2.1326111380155086 64 0 16 64
_3 Q18_min 0.5 72.00459930419922 359908.0 5.997252223091492 2.0640099691163662 64 0 16 64
_3 Q18_min 1 71.841232047081 359908.0 5.997252223091492 2.009355178128429 64 0 16 64
_3 Q18_min 2 72.15945124387741 359908.0 5.997252223091492 2.001443862247372 64 0 16 64
_3 Q18_min 4 72.00728253364564 359908.0 5.997252223091492 2.0007117676567963 64 0 16 64
_3 Q18_min 8 72.15606015920639 359908.0 5.997252223091492 2.0005886248017926 64 0 16 64
_3 Q9_median_0.5 0.125 86.83074637174606 662822.55 11.04480592679982 5.817144670721743 128 -4 4 1024
_3 Q9_median_0.5 0.25 89.57431684494018 2330368.8333333335 38.83161715308207 30.10848074518395 128 -4 32 1024
_3 Q9_median_0.5 0.5 90.36805953502655 1331611.3166666667 22.189028666139553 13.34236637339137 128 -8 32 1024
_3 Q9_median_0.5 1 90.39818937540055 718591.5166666667 11.974100522421987 6.477688078652845 128 -8 32 1024
_3 Q9_median_0.5 2 91.37577021837234 317458.15 5.289897962329294 2.640126030767895 128 -8 32 1024
_3 Q9_median_0.5 4 87.54420907497406 318271.05 5.303443552680582 2.6700847552344014 128 -8 64 1024
_3 Q9_median_0.5 8 87.11364291191101 136660.66666666666 2.2772166414078936 1.12158510154273 128 -8 64 1024
_3 Q18_median_0.5 0.125 71.65011495828628 79463.03333333334 1.3241157554484104 0.5529748316609682 64 0 8 64
_3 Q18_median_0.5 0.25 72.17402748107911 91307.06666666667 1.521476345484484 0.5684031642792119 64 0 16 64
_3 Q18_median_0.5 0.5 72.1020158481598 73541.01666666666 1.2254354604303737 0.25452716623224575 64 0 16 64
_3 Q18_median_0.5 1 73.61165535449982 61806.71666666667 1.0299033890081697 0.23325537297305138 64 0 16 64
_3 Q18_median_0.5 2 72.19473276138305 67673.86666666667 1.1276694247192716 0.1879346369301282 64 0 16 64
_3 Q18_median_0.5 4 71.64711032867432 36382.4 0.6062505675933957 0.33931648760643573 64 0 16 64
_3 Q18_median_0.5 8 72.33433609247207 91142.46666666666 1.51873356756368 0.0215591316154752 64 0 16 64
_3 Q9_median_0.75 0.125 87.78074772834778 993866.2083333334 16.56108318621035 18.925001629349318 128 -4 4 1024
_3 Q9_median_0.75 0.25 89.68990208387375 1304459.9166666667 21.736596950228694 31.423780035673698 128 -4 16 1024
_3 Q9_median_0.75 0.5 90.13967540740967 1351978.8416666666 22.528418689659784 36.02872732927933 128 -8 32 1024
_3 Q9_median_0.75 1 90.91004912614822 887889.125 14.795156064230325 14.995122512092111 128 -8 32 1024
_3 Q9_median_0.75 2 90.63941780805588 420269.14166666666 7.00306757326086 5.790893884662605 128 -8 32 1024
_3 Q9_median_0.75 4 91.50941351175308 341268.5333333333 5.686657340777383 4.578615195614818 128 -8 64 1024
_3 Q9_median_0.75 8 91.53763876199723 179261.16666666666 2.9870812271626113 2.2318287269627732 128 -8 64 1024
_3 Q18_median_0.75 0.125 72.30235913753509 94176.53333333334 1.569291107439633 0.5797438853394546 64 0 8 64
_3 Q18_median_0.75 0.25 72.04265510320664 102166.6 1.7024319242020167 0.6721454073485258 64 0 16 64
_3 Q18_median_0.75 0.5 71.83548174381257 60218.75 1.0034426361995021 0.26797240950950124 64 0 16 64
_3 Q18_median_0.75 1 72.03041036605835 60218.75 1.0034426361995021 0.042244798014619535 64 0 16 64
_3 Q18_median_0.75 2 71.86150267839432 60218.75 1.0034426361995021 0.0027352497919890103 64 0 16 64
_3 Q18_median_0.75 4 71.67299236059189 60218.75 1.0034426361995021 0.0007181861667367192 64 0 16 64
_3 Q18_median_0.75 8 75.46552691936493 60218.75 1.0034426361995021 0.000585547563620518 64 0 16 64
