_0 Q9_max 1 10.738335962295531 0.0 0.0 22.000180369099848 128 -8 32 1024
_1 Q9_max 1 21.494361655712126 2.7 0.00018005053418326076 19.756458738188382 128 -8 32 1024
_2 Q9_max 1 42.7587912774086 0.0 0.0 16.442403260877988 128 -8 32 1024
_3 Q9_max 1 87.6763443017006 94.66666666666667 0.001577458342463429 11.037955880840366 128 -8 32 1024
_4 Q9_max 1 181.7052987575531 3623.1833333333334 0.030198237550115317 14.612347674896755 128 -8 64 1024
_5 Q9_max 1 389.6015270042419 50305.78333333333 0.20963709420438548 14.704578030690133 128 -8 64 1024
_0 Q18_max 1 9.36915589570999 23933.2 3.1885679874872417 1.308824874931345 64 0 8 64
_1 Q18_max 1 17.785494959354402 42849.13333333333 2.857410868872752 1.2415133530741846 64 0 16 64
_2 Q18_max 1 35.89110493421555 116540.35 3.8851043997825125 1.7211984717999944 64 0 16 64
_3 Q18_max 1 71.0946802520752 239470.0 3.9903586190463063 1.963989149271629 64 0 16 64
_4 Q18_max 1 143.23071603298186 479875.0 3.9996262709205737 1.9970724548199976 64 0 16 64
_5 Q18_max 1 291.72627743721006 959639.0 3.999061700563969 1.9992932297730694 64 0 16 64
_0 Q9_min 1 10.475004863739013 113030.41666666667 15.058795656062621 12.60039390283217 128 -8 16 1024
_1 Q9_min 1 21.040028071403505 228101.66666666666 15.211047011639039 12.071185001815506 128 -8 32 1024
_2 Q9_min 1 43.055227386951444 270496.88333333336 9.017551702614497 11.676323699574299 128 -8 32 1024
_3 Q9_min 1 90.11796766757965 454467.5 7.572924816058078 10.673262209379624 128 -8 32 1024
_4 Q9_min 1 182.4063308787346 764001.3166666667 6.367741051644513 11.077271634363523 128 -8 64 1024
_5 Q9_min 1 389.61289890289305 1337998.7833333334 5.575783903977968 10.390806761646907 128 -8 64 1024
_0 Q18_min 1 10.14925413131714 44882.0 5.979530878211123 2.1711127557035703 64 0 8 64
_1 Q18_min 1 18.558012511730194 89772.0 5.986480205444325 2.169986228498309 64 0 16 64
_2 Q18_min 1 35.66822624921799 179342.0 5.97872233321588 2.053194456030284 64 0 16 64
_3 Q18_min 1 71.37127629518508 359908.0 5.997252223091492 2.008470436429617 64 0 16 64
_4 Q18_min 1 144.48082574367524 720154.0 6.002285715047739 2.0013447273713485 64 0 16 64
_5 Q18_min 1 291.7524285244942 1440220.0 6.001765916543851 2.0007038194588733 64 0 16 64
_0 Q9_median_0.5 1 11.08050817489624 275079.98333333334 36.64830565303392 26.176812232385796 128 -8 16 1024
_1 Q9_median_0.5 1 20.99259888648987 529367.2833333333 35.301060053077116 25.636455255405668 128 -8 32 1024
_2 Q9_median_0.5 1 42.86899163961411 666163.6833333333 22.207891576554008 13.009645353453418 128 -8 32 1024
_3 Q9_median_0.5 1 87.75119632005692 533838.4333333333 8.895505882281059 4.591821470364121 128 -8 32 1024
_4 Q9_median_0.5 1 182.8344261622429 1291197.1333333333 10.761773327256764 5.6952549653077105 128 -8 64 1024
_5 Q9_median_0.5 1 390.54910593271256 1155745.5 4.816287754717292 2.402287539944446 128 -8 64 1024
_0 Q18_median_0.5 1 10.275932440757751 13140.7 1.750706773568668 0.5086223597943552 64 0 8 64
_1 Q18_median_0.5 1 18.216797235012056 20367.766666666666 1.358232321649386 0.6005631558270037 64 0 16 64
_2 Q18_median_0.5 1 35.496392867565156 41683.6 1.3896057267613684 0.20400157557325665 64 0 16 64
_3 Q18_median_0.5 1 71.48277513504028 85275.31666666667 1.4209675318525778 0.11006091758002334 64 0 16 64
_4 Q18_median_0.5 1 143.99594098567962 163130.46666666667 1.3596476167075457 0.1120057571526516 64 0 16 64
_5 Q18_median_0.5 1 293.3417605543137 232084.71666666667 0.9671565054232955 0.16956302878623236 64 0 16 64
_0 Q9_median_0.75 1 10.57241290807724 184468.73333333334 24.576366628741145 49.81305152797581 128 -8 16 1024
_1 Q9_median_0.75 1 21.285253615379332 370619.0833333333 24.714875530621157 51.99956958982969 128 -8 32 1024
_2 Q9_median_0.75 1 42.57431188583374 638526.2 21.286541090672934 30.256814289542298 128 -8 32 1024
_3 Q9_median_0.75 1 88.1616315984726 897357.0416666666 14.952922727592105 15.962727259970226 128 -8 32 1024
_4 Q9_median_0.75 1 184.26283049821853 1737397.7666666666 14.480733004633997 15.419122502541386 128 -8 64 1024
_5 Q9_median_0.75 1 391.43293577194214 1404446.4166666667 5.852688224828257 4.711354977742209 128 -8 64 1024
_0 Q18_median_0.75 1 10.774722459316253 10678.95 1.4227331953093143 0.6339010348187912 64 0 8 64
_1 Q18_median_0.75 1 18.039087624549865 27589.608333333334 1.8398235993791134 0.7008970165452745 64 0 16 64
_2 Q18_median_0.75 1 36.16873523712158 29924.0 0.9975760675087366 0.23337533151366507 64 0 16 64
_3 Q18_median_0.75 1 72.34060720443726 60218.75 1.0034426361995021 0.025572802274129693 64 0 16 64
_4 Q18_median_0.75 1 147.49632581949234 119964.0 0.9998669777852897 0.0026834436920959584 64 0 16 64
_5 Q18_median_0.75 1 292.58629781246185 237592.0 0.9901067667741666 0.00071562170857374 64 0 16 64
