_0 Q9_median_0.5 1 13.392345833778382 2411.0 0.3212122665515578 0.14596213332454985
_1 Q9_median_0.5 1 28.264638566970824 570.6666666666666 0.03805512524959783 0.018270866666474223
_2 Q9_median_0.5 1 60.35722415447235 646.1666666666666 0.021541251246108877 0.00965419999556616
_3 Q9_median_0.5 1 135.3464632511139 1747.8333333333333 0.029124657812348558 0.014793066671700217
_4 Q9_median_0.5 1 313.8101367712021 3937.6666666666665 0.03281936972363273 0.016186666665210698
_5 Q9_median_0.5 1 679.9581150770188 2819.0 0.011747495603961294 0.005612000000837725
_0 Q18_median_0.5 1 21.922097277641296 0.0 0.0 0.0
_1 Q18_median_0.5 1 45.96045548915863 0.0 0.0 0.0
_2 Q18_median_0.5 1 95.91850297451019 57.166666666666664 0.0019057645544016883 0.05833333333333357
_3 Q18_median_0.5 1 201.0399790287018 0.0 0.0 0.0
_4 Q18_median_0.5 1 414.94397585392 0.0 0.0 0.0
_5 Q18_median_0.5 1 866.3181623458862 0.0 0.0 0.0
_0 Q9_median_0.75 1 9.162686467170715 1768.3333333333333 0.23559118955564973 0.16370266666490352
_1 Q9_median_0.75 1 18.98782811164856 1383.9166666666667 0.09228701299942628 0.06511999999929685
_2 Q9_median_0.75 1 39.91065666675568 2164.9166666666665 0.07217180373003129 0.052223999996688995
_3 Q9_median_0.75 1 88.98088872432709 3885.9166666666665 0.06475216546427126 0.04848053333019683
_4 Q9_median_0.75 1 217.35857064723967 8235.166666666666 0.06863785141007438 0.05055733331876885
_5 Q9_median_0.75 1 464.4190075159073 7905.0 0.03294216131582619 0.024083199998131022
_0 Q18_median_0.75 1 13.339682388305665 0.0 0.0 0.0
_1 Q18_median_0.75 1 27.921351933479308 0.0 0.0 0.0
_2 Q18_median_0.75 1 57.54414792060852 0.0 0.0 0.0
_3 Q18_median_0.75 1 118.78457982540131 0.0 0.0 0.0
_4 Q18_median_0.75 1 246.81175589561462 0.0 0.0 0.0
_5 Q18_median_0.75 1 515.2615498304367 0.0 0.0 0.0
