50000000
120257.0
120212.0
120168.0
120124.0
120080.0
120037.0
119997.0
119957.0
119917.0
119877.0
119838.0
119799.0
119760.0
119721.0
119682.0
119643.0
119604.0
119565.0
119527.0
119489.0
119451.0
119413.0
119375.0
119337.0
119299.0
119261.0
119224.0
119187.0
119150.0
119113.0
119076.0
119039.0
119002.0
118965.0
118928.0
118891.0
118854.0
118817.0
118780.0
118743.0
118706.0
118670.0
118634.0
118598.0
118562.0
118526.0
118490.0
118454.0
118418.0
118382.0
118346.0
118310.0
118274.0
118238.0
118202.0
118166.0
118130.0
118094.0
118058.0
118022.0
117986.0
117950.0
117914.0
117879.0
117844.0
117809.0
117774.0
117739.0
117704.0
117669.0
117634.0
117599.0
117564.0
0
