5000000000
32160537.957496732
32151489.438155133
32142748.159290534
32134097.676125832
32125541.235831533
32117087.743984833
32108637.805934433
32100304.544349033
32092044.498315334
32083806.89442373
32075581.86086773
32067363.78508023
32059187.17699233
32051017.74426633
32042859.281861432
32034710.999197934
32026568.248897433
32018434.815953232
32010304.84583133
32002179.617890432
31994074.276445933
31985971.048047032
31977889.377377532
31969821.329249132
31961767.301776633
31953724.737585634
31945683.384742532
31937646.89897133
31929615.90029133
31921584.98474783
31913554.35742193
31905525.796800133
31897497.711956333
31889475.782097433
31881459.77897363
31873461.61713013
31865468.37340493
31857482.84398943
31849500.64446093
31841522.86573243
31833563.936511233
31825609.033178333
31817654.642582934
31809701.625055835
31801751.187206134
31793802.877517432
31785854.765254334
31777918.394968335
31769991.839803834
31762065.471085533
31754139.460459836
31746218.482142434
31738304.962478634
31730394.448991634
31722484.644030232
31714579.684404533
31706675.653146833
31698772.516133934
31690876.171941634
31682980.686446134
31675090.868983135
31667204.991454534
31659329.004045535
31651455.188154135
31643581.426226236
31635715.336653233
31627850.922887936
31619987.690156735
31612133.257973336
31604283.692342233
31596436.388364933
31588594.017474234
31580752.072137434
0
