3750000000
1499579.0
1499572.0
1499565.0
1499558.0
1499551.0
1499544.0
1499537.0
1499530.0
1499523.0
1499516.0
1499509.0
1499502.0
1499495.0
1499488.0
1499481.0
1499474.0
1499467.0
1499460.0
1499453.0
1499446.0
1499439.0
1499432.0
1499425.0
1499418.0
1499411.0
1499404.0
1499397.0
1499390.0
1499383.0
1499376.0
1499369.0
1499362.0
1499355.0
1499348.0
1499341.0
1499334.0
1499327.0
1499320.0
1499313.0
1499306.0
1499299.0
1499292.0
1499285.0
1499278.0
1499271.0
1499264.0
1499257.0
1499250.0
1499243.0
1499236.0
1499229.0
1499222.0
1499215.0
1499208.0
1499201.0
1499194.0
1499187.0
1499180.0
1499173.0
1499166.0
1499159.0
1499152.0
1499145.0
1499138.0
1499131.0
1499124.0
1499117.0
1499110.0
1499103.0
1499096.0
1499089.0
1499082.0
1499075.0
1499068.0
1499061.0
1499054.0
1499047.0
1499040.0
1499033.0
1499026.0
1499019.0
1499012.0
1499005.0
1498998.0
1498991.0
1498984.0
1498977.0
1498970.0
1498963.0
1498956.0
1498949.0
0
