37500000000
38275475.0
38271175.0
38266904.0
38262776.0
38258700.0
38254637.0
38250595.0
38246604.0
38242679.0
38238772.0
38234884.0
38231040.0
38227208.0
38223390.0
38219572.0
38215755.0
38211940.0
38208126.0
38204328.0
38200540.0
38196757.0
38192979.0
38189210.0
38185451.0
38181697.0
38177947.0
38174203.0
38170467.0
38166742.0
38163018.0
38159297.0
38155579.0
38151862.0
38148145.0
38144434.0
38140728.0
38137025.0
38133324.0
38129624.0
38125937.0
38122250.0
38118571.0
38114893.0
38111215.0
38107537.0
38103871.0
38100209.0
38096549.0
38092891.0
38089236.0
38085581.0
38081926.0
38078274.0
38074639.0
38071011.0
38067386.0
38063774.0
38060162.0
38056557.0
38052956.0
38049362.0
38045772.0
38042185.0
38038598.0
38035016.0
38031436.0
38027859.0
38024285.0
38020715.0
38017150.0
38013589.0
38010032.0
38006483.0
38002936.0
37999408.0
37995895.0
37992383.0
37988875.0
37985374.0
37981875.0
37978377.0
0
