7
5.221682817429203
5.221603117657664
5.221532576745788
5.221462558737963
5.22139271821324
5.22132345689571
5.221254575930949
5.221186162493235
5.22111796765415
5.2210500719448305
5.220982211863187
5.220914625367621
5.220847783696461
5.220781506983392
5.220716397402274
5.220651567300623
5.220587106649263
5.220522753030341
5.220458862654948
5.220395031231147
5.220331357065135
5.220268018362708
5.2202052717849625
5.220143072725952
5.220081396289808
5.220020158178934
5.219959359387759
5.2198988307951355
5.21983844905449
5.219778527284171
5.219719080322104
5.2196596752694555
5.219600592939399
5.2195418726437115
5.219483243526422
5.2194246756134834
5.2193662449743865
5.219307854361815
5.21924958963157
5.219191503329023
5.219133642958493
5.219076014539158
5.219018600928005
5.218961603836669
5.218904771041571
5.218848030117696
5.218791301241992
0
