7
4.568741322390673
4.568588895162371
4.568448145605873
4.568319085095111
4.568189986219674
4.568060848956746
4.567931673283491
4.567802459177053
4.567673206614555
4.567543915573101
4.567426344852573
4.567308742295083
4.567191107883382
4.56707344160021
4.5669557434282915
4.566838013350338
4.566720251349047
4.5666024574070985
4.566484631507165
4.5663667736318985
4.566248883763941
4.566130961885917
4.566013007980441
4.5658950220301096
4.565778225057683
4.56567535169035
4.565579772944358
4.565486247862931
4.565394568061226
4.565305098650087
4.5652176051343245
4.565130532584862
4.565045701674731
4.564962547092035
4.564879905281823
4.56479749499729
4.564716307044504
4.56463610867593
4.5645565249825575
4.564477258775683
4.564398686296262
4.564320312187854
4.5642419760570805
4.564163701747389
4.564085699798238
4.5640078353106714
4.56393016518581
0
