7
3.426998958756537
3.4263485737875072
3.42586014507784
3.4253711664389406
3.4249360560888036
3.424554976606713
3.4241735624459047
3.423819091965404
3.4235189292629373
3.423220660172575
3.4229328903744713
3.4226767248136407
3.4224256763712044
3.4221998502156072
3.421973906572942
3.4217478453208994
3.421521666336977
3.421295369498483
3.421068954682533
3.42084242176605
3.4206157706257647
3.4204023437980977
3.4201888120337816
3.41997638937196
3.419766986351872
3.4195624014092467
3.4193577200465035
3.4191529421727123
3.4189480676968187
3.418743096527636
3.418538817482275
3.4183344423049835
3.418129970905241
3.417926830327978
3.4177348317420373
3.4175437588936224
3.4173526019435094
3.417161662588187
3.416973172603036
3.4167917504120373
3.416611142283203
3.4164349102443032
3.4162586066633014
3.416085795326066
3.415915987088878
3.415747935808997
3.4155808042079507
0
