60000000000
23996604.0
23996597.0
23996590.0
23996583.0
23996576.0
23996569.0
23996562.0
23996555.0
23996548.0
23996541.0
23996534.0
23996527.0
23996520.0
23996513.0
23996506.0
23996499.0
23996492.0
23996485.0
23996478.0
23996471.0
23996464.0
23996457.0
23996450.0
23996443.0
23996436.0
23996429.0
23996422.0
23996415.0
23996408.0
23996401.0
23996394.0
23996387.0
23996380.0
23996373.0
23996366.0
23996359.0
23996352.0
23996345.0
23996338.0
23996331.0
23996324.0
23996317.0
23996310.0
23996303.0
23996296.0
23996289.0
23996282.0
23996275.0
23996268.0
23996261.0
23996254.0
23996247.0
23996240.0
23996233.0
23996226.0
23996219.0
23996212.0
23996205.0
23996198.0
23996191.0
23996184.0
23996177.0
23996170.0
23996163.0
23996156.0
23996149.0
23996142.0
23996135.0
23996128.0
23996121.0
23996114.0
23996107.0
23996100.0
23996093.0
23996086.0
23996079.0
23996072.0
23996065.0
23996058.0
23996051.0
23996044.0
23996037.0
23996030.0
23996023.0
23996016.0
23996009.0
23996002.0
23995995.0
23995988.0
23995981.0
23995974.0
23995967.0
23995960.0
23995953.0
23995946.0
23995939.0
23995932.0
23995925.0
23995918.0
23995911.0
23995904.0
0
