600000000000
612025449.0
612020676.0
612016087.0
612011503.0
612006936.0
612002379.0
611997844.0
611993341.0
611988880.0
611984430.0
611980000.0
611975575.0
611971167.0
611966762.0
611962373.0
611958022.0
611953702.0
611949383.0
611945064.0
611940798.0
611936535.0
611932272.0
611928009.0
611923759.0
611919516.0
611915275.0
611911038.0
611906805.0
611902574.0
611898345.0
611894116.0
611889893.0
611885672.0
611881456.0
611877240.0
611873036.0
611868837.0
611864639.0
611860451.0
611856267.0
611852090.0
611847915.0
611843745.0
611839579.0
611835417.0
611831259.0
611827104.0
611822952.0
611818804.0
611814657.0
611810511.0
611806368.0
611802225.0
611798085.0
611793948.0
611789816.0
611785685.0
611781556.0
611777431.0
611773308.0
611769188.0
611765068.0
611760950.0
611756833.0
611752719.0
611748606.0
611744495.0
611740384.0
611736273.0
611732164.0
611728055.0
611723949.0
611719845.0
611715743.0
611711643.0
611707547.0
611703452.0
611699359.0
611695272.0
611691189.0
611687109.0
611683031.0
611678954.0
611674879.0
611670805.0
611666733.0
611662663.0
611658594.0
611654527.0
611650460.0
611646395.0
611642332.0
611638273.0
0
