200000
100008.917
100008.72555
100007.914045
100007.58755
100007.578288
100007.5675
100007.3978
100007.235545
100007.21672
100007.165488
100007.10928
100006.967248
100006.95355
100006.937294
100006.92976
100006.814608
100006.72336
100006.70284
100006.693552
100006.66204
100006.61104
100006.556
100006.517811
100006.3878
100006.363988
100006.3591
100006.3503
100006.348932
100006.335604
100006.3278428
100006.32688
100006.295275
100006.291517
100006.26073
100006.2515872
100006.199236
100006.1632792
100006.0959614
100006.053
100006.05182
100006.025187
100006.017045
100006.0148787
100006.00975
100005.9972352
100005.9707284
100005.96232
100005.931
100005.9283405
100005.9035632
100005.897346
100005.8774769
100005.85648
100005.854226
100005.8516307
100005.848248
100005.83149
100005.778325
100005.7777223
100005.77024
100005.7563328
100005.733604
100005.64529
100005.6074392
100005.594128
100005.55222
100005.543545
100005.5261042
100005.52034
100005.51954
100005.516928
100005.5130341
100005.50652
100005.4601582
100005.4573505
100005.45265
100005.45248
100005.452436
100005.4184578
0
