200000
100097.454015
100097.180005
100096.92788
100096.186
100096.165515
100095.92632
100095.9185
100095.85201
100095.842
100095.7325
100095.4445
100095.27852
100095.253505
100095.11953
100095.049005
100095.019015
100094.9455
100094.94151
100094.8145
100094.7807
100094.778
100094.77237
100094.7045
100094.514515
100094.49
100094.3855
100094.3575
100094.268
100094.185
100094.174515
100094.157
100094.152505
100094.123
100094.07
100093.97563
100093.96701
100093.957
100093.948
100093.942
100093.912015
100093.90854
100093.8965
100093.842515
100093.8335
100093.8125
100093.8015
100093.7796349
100093.75553
100093.573
100093.5704147
100093.56403
100093.557
100093.54751
100093.4775
100093.4675392
100093.4095
100093.36803
100093.36576
100093.3535
100093.3420747
100093.33555
100093.30139
100093.2445
100093.2293845
100093.20339
100093.18553
100093.150075
100093.14508
100093.098515
100093.084
100093.0795
100093.06816
100093.05054
100092.9745845
100092.9726
100092.96505
100092.9633047
100092.958
100092.9375
0
