200000
100008.43456
100008.22465
100008.161391
100008.051092
100007.815549
100007.8111
100007.79443
100007.789579
100007.7035
100007.6664
100007.63371
100007.63045
100007.540437
100007.510944
100007.472353
100007.458762
100007.4409
100007.4355936
100007.4317418
100007.362668
100007.361156
100007.35882
100007.35155
100007.26606
100007.262448
100007.244365
100007.2379
100007.1895148
100007.1834441
100007.170709
100007.1411
100007.12959
100007.12215
100007.12179
100007.069995
100007.0522032
100006.97928
100006.96164
100006.961614
100006.952656
100006.9052539
100006.892686
100006.878
100006.8712
100006.854805
100006.84226
100006.829173
100006.827952
100006.8212368
100006.79095
100006.7900242
100006.780669
100006.7788726
100006.776976
100006.7667677
100006.7575754
100006.739788
100006.7376804
100006.73584
100006.7329
100006.7274586
100006.71818
100006.7101477
100006.698912
100006.696607
100006.6952718
100006.6903313
100006.68868
100006.6856748
100006.684455
100006.6837431
100006.6814632
100006.661116
100006.655528
100006.647955
100006.6409878
100006.6348
100006.62071
100006.615888
0
