200000
100102.873
100102.541
100102.43551
100102.3235
100102.3145
100102.2775
100102.24251
100102.223
100102.161
100101.98852
100101.9375
100101.761
100101.68401
100101.683
100101.67059
100101.6045
100101.5395
100101.5035
100101.41579
100101.29002
100101.2595
100101.1635
100101.1555
100101.11302
100101.10302
100101.0925
100101.08652
100101.052
100101.009
100100.968
100100.845
100100.797545
100100.7965
100100.791
100100.77756
100100.757515
100100.738
100100.732
100100.723
100100.692
100100.6545
100100.641
100100.63865
100100.56056
100100.51713
100100.4665
100100.461005
100100.454
100100.43652
100100.4206
100100.38755
100100.37993
100100.36131
100100.3559347
100100.334
100100.331
100100.299045
100100.290025
100100.28202
100100.199515
100100.196
100100.13452
100100.125
100100.1145
100100.06
100100.053
100100.047
100100.00006
100099.9925
100099.9895
100099.976
100099.95216
100099.93455
100099.92521
100099.920005
100099.915005
100099.904
100099.8715
100099.857045
0
