100000
99999.1837
99999.180091
99999.1792
99999.176509
99999.174709
99999.170191
99999.1691791
99999.1675
99999.1675
99999.1673591
99999.1655391
99999.16553
99999.16553
99999.164791
99999.1646291
99999.16462
99999.1639
99999.1639
99999.16372
99999.16371
99999.162991
99999.162109
99999.162091
99999.16189
99999.16188
99999.1612
99999.1609891
99999.16098
99999.1609709
99999.160282
99999.16007
99999.1600609
99999.1600609
99999.15928
99999.1582591
99999.15825
99999.15825
99999.1581908
99999.1576
99999.1572892
99999.1572892
99999.1567
99999.156682
99999.156682
99999.1564993
99999.1564118
99999.155791
99999.155791
99999.155782
99999.15556
99999.15552
99999.15552
99999.1549
99999.154882
99999.1546393
99999.1546009
99999.1545292
99999.153991
99999.153973
99999.1536909
99999.153082
99999.153064
99999.15277
99999.1526892
99999.1522
99999.152191
99999.152182
99999.1518891
99999.1517508
99999.1517508
99999.15097
99999.1509609
99999.150391
99999.1500509
99999.14998
0
