100000
104.249
104.199
104.1495
103.899
103.8495
103.849
103.849
103.749
103.4985
103.498
103.4495
103.4495
103.398
103.355505
103.3475
103.306005
103.2985
103.2985
103.298
103.25601
103.199
103.1985
103.1975
103.157505
103.10751
103.10751
103.0995
103.0495
103.0485
102.999
102.95901
102.958515
102.910005
102.8995
102.898
102.860505
102.859515
102.849
102.849
102.848
102.811005
102.799
102.799
102.7975
102.747
102.71151
102.711015
102.699
102.661515
102.647
102.613005
102.60502
102.5995
102.5995
102.55651
102.5485
102.5475
102.51351
102.50702
102.449
102.40951
102.3985
102.36501
102.36501
102.364515
102.364515
102.36402
102.36402
102.36051
102.3485
102.298
102.26202
102.248
102.247
102.21651
0
