7
3.980730376535945
3.9796238931809755
3.9785145835563855
3.9774024331870175
3.976287427486226
3.9751695517547256
3.9740487911794298
3.972925130832273
3.9717985556690185
3.970669050528049
3.9695366001291412
3.968401189072227
3.9672628018361378
3.9661214227773285
3.964977036128591
3.9638296259977435
3.962679176366311
3.9615256710881797
3.960369093888237
3.9592094283609987
3.9580466579692053
3.9568807660424157
3.9557117357755645
3.9545395502275134
3.9533641923195786
3.952185644834036
3.9510038904126072
3.949818911554929
3.948630690616993
3.947439209809574
3.9462444511966304
3.9450463966936837
3.9438450280661757
3.9426403269278056
3.9414322747388377
3.9402208528043925
3.9390060422727116
3.9377878241333932
3.936566179215612
3.935341088186306
3.9341125315483407
3.9328804896386496
3.9316449426263422
3.930405870510794
3.929163253119698
0
