7
5.28815752653154
5.286965916678058
5.285773277425586
5.284595396116653
5.2834256181616635
5.282264017825701
5.281101575684152
5.279947411350932
5.278803884771199
5.277659630789744
5.276513502820041
5.275364342147852
5.274213287573892
5.273059174134605
5.271901985529123
5.2707428694842
5.269580651520307
5.268416485401808
5.2672499726121975
5.266080318134662
5.264907505000911
5.263731516104815
5.262552334200901
5.2613699419028475
5.260185912087676
5.258998645390392
5.257809723195908
5.256617537277741
5.255422069667987
5.254224108443563
5.253022833611336
5.25182025346298
5.250614334069683
5.249405056835405
5.248192403008339
5.246976353679153
5.24575688977923
5.2445356074210725
5.243310880999462
5.2420826910346126
5.240851017881114
5.239615841725848
5.238377142586219
5.237134900308119
5.235889094564006
5.234639704850911
5.233386710488412
0
