4
3.3812956230038256
3.3811865996614925
3.3810775489435554
3.3809684708362626
3.3808593653258523
3.3807502323985528
3.3806410720405813
3.380531884238145
3.3804226689774404
3.3803134262446535
3.380204156025961
3.3800948583075274
3.379985533075508
3.3798761803160478
3.3797668000152794
3.379657392159328
3.3795479567343056
3.379438493726315
3.3793290031214482
3.3792194849057866
3.379109939065402
3.379000365586354
3.3788907644546926
3.378781135656457
3.3786714791776773
3.3785617950043694
3.378452083122542
3.378342343518192
3.3782325761773064
3.37812278108586
3.3780129582298177
3.3779031075951353
3.377793229167755
3.3776833229336107
3.377573388878625
3.3774634269887085
3.377353437249764
3.3772434196476797
3.377133374168337
3.3770233007976036
3.3769131995213377
3.3768030703253875
3.3766929131955887
3.3765827281177674
3.3764725150777384
0
