4
3.404662700873722
3.4044916177586857
3.4043204672217304
3.4041492492096945
3.4039779636693543
3.4038066105474223
3.4036351897905477
3.4035260019881113
3.4034167867274068
3.40330754399462
3.4031982737759274
3.4030889760574934
3.4029796508254746
3.4028702980660137
3.4027609177652463
3.4026515099092944
3.4025420744842716
3.4024326114762813
3.4023231208714146
3.4022136026557535
3.402104056815369
3.4019944833363205
3.401884882204659
3.401775253406424
3.4016655969276433
3.4015559127543353
3.401446200872508
3.4013364612681585
3.401226693927273
3.4011168988358262
3.4010070759797846
3.4008972253451013
3.4007873469177214
3.400677440683577
3.400567506628591
3.400457544738675
3.40034755499973
3.4002375373976466
3.4001274919183033
3.40001741854757
3.3999073172713046
3.3997971880753544
3.399687030945555
3.399576845867734
3.3994666328277052
0
