134200832
899792.0
899372.0
898967.0
898604.0
898269.0
897939.0
897643.0
897363.0
897085.0
896814.0
896587.0
896366.0
896147.0
895929.0
895719.0
895526.0
895338.0
895154.0
894974.0
894796.0
894622.0
894449.0
894278.0
894107.0
893941.0
893775.0
893610.0
893448.0
893287.0
893126.0
892968.0
892810.0
892657.0
892508.0
892363.0
892220.0
892080.0
891942.0
891805.0
891669.0
891535.0
891402.0
891271.0
891142.0
891013.0
890885.0
890759.0
890637.0
890517.0
890398.0
890280.0
890163.0
890046.0
889930.0
889815.0
889700.0
889587.0
889475.0
889364.0
889253.0
889143.0
889034.0
888925.0
888818.0
888711.0
888605.0
888499.0
888394.0
888289.0
888185.0
888081.0
887979.0
887877.0
887776.0
887676.0
887576.0
887476.0
887376.0
887277.0
887178.0
887079.0
886980.0
886882.0
886784.0
886686.0
886588.0
886490.0
886392.0
886295.0
886198.0
886101.0
886005.0
885909.0
885814.0
885719.0
885624.0
885529.0
885435.0
885341.0
885248.0
885156.0
885064.0
884972.0
884880.0
884789.0
884698.0
884608.0
884518.0
884429.0
884340.0
884251.0
884163.0
884075.0
883988.0
883901.0
883814.0
883727.0
883641.0
883555.0
883470.0
883385.0
883300.0
883215.0
883131.0
883047.0
882963.0
882880.0
882797.0
882714.0
882632.0
882550.0
882468.0
882386.0
882305.0
882224.0
882143.0
882063.0
881983.0
881903.0
881823.0
881743.0
881663.0
881583.5
881504.5
881425.5
881346.5
881267.5
881188.5
881110.0
881032.0
880954.0
880876.0
880798.0
880720.0
880643.0
880566.0
880489.0
880412.0
880336.0
880260.0
880184.0
880108.0
880032.0
879956.0
879881.0
879806.0
879731.0
879656.0
879582.0
879508.0
879434.0
879360.0
879287.0
879214.0
879141.0
879068.0
878995.0
878922.0
878849.0
878777.0
878705.0
878633.0
878561.0
878490.0
878419.0
878348.0
878277.0
878206.0
878135.0
878064.0
877993.0
877922.0
877851.0
877781.0
877711.0
877641.0
877571.0
877502.0
877433.0
877364.0
877295.0
877226.0
877157.0
877088.0
877020.0
876952.0
876884.0
876816.0
876748.0
876680.0
876612.0
876544.0
876476.0
876408.0
876340.0
876273.0
876206.0
876139.0
876072.0
876005.0
875938.0
875871.0
875804.0
875738.0
875672.0
875606.0
875540.0
875474.0
875408.0
875342.0
875276.0
875211.0
875146.0
875081.0
875016.0
874951.0
874886.0
874821.0
874756.0
874691.0
874626.0
874561.0
874496.0
874432.0
874368.0
874304.0
874240.0
874176.0
874112.0
874048.0
873984.0
873920.0
873856.0
873793.0
873730.0
873667.0
873604.0
873541.0
873478.0
873415.0
873352.0
873289.0
873226.0
873164.0
873102.0
873040.0
872978.0
872916.0
872854.0
872792.0
872730.0
872669.0
872608.0
872547.0
872486.0
872425.0
872364.0
872303.0
872243.0
872183.0
872123.0
872063.0
872003.0
871943.0
871883.0
871823.0
871763.0
871703.0
871643.0
871583.0
871523.0
871463.0
871403.0
871343.0
871283.0
871224.0
871165.0
871106.0
871047.0
870988.0
870929.0
870870.0
870811.0
870752.0
870693.0
870635.0
870577.0
870519.0
870461.0
870403.0
870345.0
870287.0
870229.0
870171.0
870113.0
870055.0
869998.0
869941.0
869884.0
869827.0
869770.0
869713.0
869656.0
869599.0
869542.0
869485.0
869428.0
869371.0
869314.0
869258.0
869202.0
869146.0
869090.0
869034.0
868978.0
868922.0
868866.0
868810.0
868754.0
868698.0
868642.0
868586.0
868530.0
868474.0
868418.0
868362.0
868306.0
868250.0
868195.0
868140.0
868085.0
868030.0
867975.0
867920.0
867865.0
867810.0
867755.0
867700.0
867645.0
867590.0
867535.0
867480.0
867425.0
867370.0
867315.0
867260.0
867205.0
867151.0
867097.0
867043.0
866989.0
866935.0
866881.0
866827.0
866773.0
866719.0
866665.0
866611.0
866557.0
866503.0
866449.0
866395.0
866341.0
866287.0
866233.0
866179.0
866126.0
866073.0
866020.0
865967.0
865914.0
865861.0
865808.0
865755.0
865702.0
865649.0
865596.0
865543.0
865490.0
865437.0
865384.0
865332.0
865280.0
865228.0
865176.0
865124.0
865072.0
865020.0
864968.0
864916.0
864864.0
864812.0
864760.0
864708.0
864656.0
864604.0
864552.0
864500.0
864449.0
864398.0
864347.0
864296.0
864245.0
864194.0
864143.0
864092.0
864041.0
863990.0
863939.0
863888.0
863837.0
863786.0
863735.0
863684.0
863633.0
863582.0
863531.0
863481.0
863431.0
863381.0
863331.0
863281.0
863231.0
863181.0
863131.0
863081.0
863031.0
862981.0
862931.0
862881.0
862831.0
862781.0
862731.0
862681.0
862631.0
862581.0
862531.0
862481.0
862431.0
862381.0
862331.0
862282.0
862233.0
862184.0
862135.0
862086.0
862037.0
861988.0
861939.0
861890.0
861841.0
861792.0
861743.0
861694.0
861645.0
861596.0
861547.0
861498.0
861449.0
861400.0
861351.0
861302.0
861253.0
861204.0
861155.0
861106.0
861057.0
861009.0
860961.0
860913.0
860865.0
860817.0
860769.0
860721.0
860673.0
860625.0
860577.0
860529.0
860481.0
860433.0
860385.0
860337.0
860289.0
860241.0
860193.0
860145.0
860097.0
860049.0
860001.0
859953.0
859905.0
859857.0
859810.0
859763.0
859716.0
859669.0
859622.0
859575.0
859528.0
859481.0
859434.0
859387.0
859340.0
859293.0
859246.0
859199.0
859152.0
859105.0
859058.0
859011.0
858964.0
858917.0
858870.0
858823.0
858776.0
858730.0
858684.0
858638.0
858592.0
858546.0
858500.0
858454.0
858408.0
858362.0
858316.0
858270.0
858224.0
858178.0
858132.0
858086.0
858040.0
857994.0
857948.0
857902.0
857856.0
857810.0
857764.0
857718.0
857673.0
857628.0
857583.0
857538.0
857493.0
857448.0
857403.0
857358.0
857313.0
857268.0
857223.0
857178.0
857133.0
857088.0
857043.0
856998.0
856953.0
856908.0
856863.0
856818.0
856773.0
856728.0
856683.0
856638.0
856593.0
856548.0
856503.0
856459.0
856415.0
856371.0
856327.0
856283.0
856239.0
856195.0
856151.0
856107.0
856063.0
856019.0
855975.0
855931.0
855887.0
855843.0
855799.0
0
