134200832
899792.0
899372.0
898967.0
898604.0
898269.0
897939.0
897643.0
897363.0
897085.0
896814.0
896587.0
896366.0
896147.0
895929.0
895719.0
895526.0
895338.0
895154.0
894974.0
894796.0
894622.0
894449.0
894278.0
894107.0
893941.0
893775.0
893610.0
893448.0
893287.0
893126.0
892968.0
892810.0
892657.0
892508.0
892363.0
892220.0
892080.0
891942.0
891805.0
891669.0
891535.0
891402.0
891271.0
891142.0
891013.0
890885.0
890759.0
890637.0
890517.0
890398.0
890280.0
890163.0
890046.0
889930.0
889815.0
889700.0
889587.0
889475.0
889364.0
889253.0
889143.0
889034.0
888925.0
888818.0
888711.0
888605.0
888499.0
888394.0
888289.0
888185.0
888081.0
887979.0
887877.0
887776.0
887676.0
887576.0
887476.0
887376.0
887277.0
887178.0
887079.0
886980.0
886882.0
886784.0
886686.0
886588.0
886490.0
886392.0
886295.0
886198.0
886101.0
886005.0
885909.0
885814.0
885719.0
885624.0
885529.0
885435.0
885341.0
885248.0
885156.0
885064.0
884972.0
884880.0
884789.0
884698.0
884608.0
884518.0
884429.0
884340.0
884251.0
884163.0
884075.0
883988.0
883901.0
883814.0
883727.0
883641.0
883555.0
883470.0
883385.0
883300.0
883215.0
883131.0
883047.0
882963.0
882880.0
882797.0
882714.0
882632.0
882550.0
882468.0
882386.0
882305.0
882224.0
882143.0
882063.0
881983.0
881903.0
881823.0
881743.0
881663.0
881583.5
881504.5
881425.5
881346.5
881267.5
881188.5
881110.0
881032.0
880954.0
0
