134200832
899792.0
899372.0
898967.0
898604.0
898269.0
897939.0
897643.0
897363.0
897085.0
896814.0
896587.0
896366.0
896147.0
895929.0
895719.0
895526.0
895338.0
895154.0
894974.0
894796.0
894622.0
894449.0
894278.0
894107.0
893941.0
893775.0
893610.0
893448.0
893287.0
893126.0
892968.0
892810.0
892657.0
892508.0
892363.0
892220.0
892080.0
891942.0
891805.0
891669.0
891535.0
891402.0
891271.0
891142.0
891013.0
890885.0
890759.0
890637.0
890517.0
890398.0
890280.0
890163.0
890046.0
889930.0
889815.0
889700.0
889587.0
889475.0
889364.0
889253.0
889143.0
889034.0
888925.0
888818.0
888711.0
888605.0
888499.0
888394.0
888289.0
888185.0
888081.0
887979.0
887877.0
887776.0
887676.0
887576.0
887476.0
0
