45807217322
717719.0
717199.0
716753.0
716318.0
715893.0
715483.0
715141.0
714860.0
714585.0
714316.0
714061.0
713807.0
713560.0
713318.0
713077.0
712845.0
712622.0
712402.0
712183.0
711977.0
711772.0
711567.0
711369.0
711174.0
710983.0
710792.0
710602.0
710414.0
710228.0
710043.0
709863.0
709685.0
709511.0
709337.0
709165.0
708995.0
708829.0
708663.0
708498.0
708334.0
708171.0
708010.0
707850.0
707691.0
707533.0
707375.0
707217.0
707061.0
706905.0
706749.0
706594.0
706439.0
706285.0
706135.0
705986.0
705838.0
705691.0
705544.0
705399.0
705254.0
705110.0
704967.0
704824.0
704682.0
704541.0
704400.0
704259.0
704119.0
703979.0
703841.0
703703.0
703566.0
703429.0
703294.0
703160.0
703026.0
702893.5
702762.5
702631.5
702501.5
702373.0
702245.0
702117.0
701990.0
701864.0
701738.5
701613.5
701488.5
701363.5
701239.0
701115.0
700991.0
700867.5
700744.5
700621.5
700499.5
700378.5
700258.0
700138.0
700018.0
699899.0
0
