45807217322
717719.0
717199.0
716753.0
716318.0
715893.0
715483.0
715141.0
714860.0
714585.0
714316.0
714061.0
713807.0
713560.0
713318.0
713077.0
712845.0
712622.0
712402.0
712183.0
711977.0
711772.0
711567.0
711369.0
711174.0
710983.0
710792.0
710602.0
710414.0
710228.0
710043.0
709863.0
709685.0
709511.0
709337.0
709165.0
708995.0
708829.0
708663.0
708498.0
708334.0
708171.0
708010.0
707850.0
707691.0
707533.0
707375.0
707217.0
707061.0
706905.0
706749.0
706594.0
706439.0
706285.0
706135.0
705986.0
705838.0
705691.0
705544.0
705399.0
705254.0
705110.0
704967.0
704824.0
704682.0
704541.0
704400.0
704259.0
704119.0
703979.0
703841.0
703703.0
703566.0
703429.0
703294.0
703160.0
703026.0
702893.5
702762.5
702631.5
702501.5
702373.0
702245.0
702117.0
701990.0
701864.0
701738.5
701613.5
701488.5
701363.5
701239.0
701115.0
700991.0
700867.5
700744.5
700621.5
700499.5
700378.5
700258.0
700138.0
700018.0
699899.0
699780.0
699661.0
699542.0
699424.0
699306.0
699188.0
699070.0
698953.0
698836.0
698719.0
698603.0
698487.0
698371.0
698255.0
698140.0
698026.0
697914.0
697803.0
697692.0
697581.0
697471.5
697362.5
697253.5
697144.5
697036.5
696929.5
696823.0
696717.0
696611.5
696506.5
696402.0
696298.0
696194.0
696090.0
695986.5
695883.5
695780.5
695677.5
695575.0
695473.0
695371.5
695270.5
695169.5
695068.5
694967.5
694867.5
694767.5
694667.5
694567.5
694467.5
694368.5
694269.5
694170.5
694071.5
693973.5
693875.5
693777.5
693679.5
693581.5
693483.5
693385.5
693288.5
693191.5
693094.5
692998.5
692902.5
692806.5
692710.5
692614.5
692518.5
692423.5
692328.5
692233.5
692138.5
692044.5
691950.5
691856.5
691762.5
691668.5
691574.5
691480.5
691387.5
691295.0
691203.0
691111.0
691019.0
690927.0
690835.0
690743.0
690651.5
690560.5
690469.5
690378.5
690287.5
690196.5
690105.5
690014.5
689923.5
689833.5
689743.5
689653.5
689563.5
689474.5
689385.5
689296.5
689208.5
689120.5
689032.5
688944.5
688856.5
688769.0
688682.0
688595.0
688508.0
688421.0
688334.0
688248.0
688162.0
688076.0
687990.0
687905.0
687820.0
687735.0
687650.0
687565.0
687481.0
687397.0
687313.0
687229.0
687145.0
687061.0
686977.5
686894.5
686811.5
686728.5
686645.5
686562.5
686480.0
686398.0
686316.0
686234.0
686152.0
686070.0
685988.0
685907.0
685826.0
685745.0
685664.0
685583.0
685502.0
685422.0
685342.0
685262.0
685182.0
685102.0
685022.0
684943.0
684864.0
684785.0
684706.0
684627.0
684548.0
684469.0
684391.0
684313.0
684235.0
684157.0
684079.0
684001.0
683923.0
683845.0
683767.0
683689.0
683611.0
683533.0
683456.0
683379.0
683302.0
683225.0
683148.0
683071.0
682994.0
682917.0
682840.0
682763.0
682686.0
682609.0
682532.5
682456.5
682380.5
682304.5
682228.5
682152.5
682076.5
682000.5
681924.5
681848.5
681772.5
681696.5
681620.5
681545.0
681470.0
681395.0
681320.0
681245.0
681170.0
681095.0
681020.5
680946.5
680872.5
680798.5
680724.5
680650.5
680576.5
680502.5
680428.5
680354.5
680280.5
680206.5
680132.5
680058.5
679985.0
679912.0
679839.0
679766.0
679693.0
679620.0
679547.0
679474.0
679401.0
679329.0
679257.0
679185.0
679113.0
679041.0
678969.0
678897.0
678825.0
678753.0
678682.0
678611.0
678540.0
678469.0
678398.0
678327.0
678256.0
678185.0
678115.0
678045.0
677975.0
677905.0
677835.0
677765.0
677695.0
677625.0
677555.0
677486.0
677417.0
677348.0
677279.0
677210.0
677141.0
677072.0
677003.0
676934.0
676865.0
676796.0
676727.0
676658.0
676589.0
676520.0
676451.0
676382.0
676314.0
676246.0
676178.0
676110.0
676042.0
675974.0
675906.0
675838.0
675770.0
675702.0
675634.0
675566.0
675498.0
675430.0
675362.0
675294.0
675226.0
675158.0
675090.0
675022.0
674954.0
0
