30000000000
11997996.0
11997989.0
11997982.0
11997975.0
11997968.0
11997961.0
11997954.0
11997947.0
11997940.0
11997933.0
11997926.0
11997919.0
11997912.0
11997905.0
11997898.0
11997891.0
11997884.0
11997877.0
11997870.0
11997863.0
11997856.0
11997849.0
11997842.0
11997835.0
11997828.0
11997821.0
11997814.0
11997807.0
11997800.0
11997793.0
11997786.0
11997779.0
11997772.0
11997765.0
11997758.0
11997751.0
11997744.0
11997737.0
11997730.0
11997723.0
11997716.0
11997709.0
11997702.0
11997695.0
11997688.0
11997681.0
11997674.0
11997667.0
11997660.0
11997653.0
11997646.0
11997639.0
11997632.0
11997625.0
11997618.0
11997611.0
11997604.0
11997597.0
11997590.0
11997583.0
11997576.0
11997569.0
11997562.0
11997555.0
11997548.0
11997541.0
11997534.0
11997527.0
11997520.0
11997513.0
11997506.0
11997499.0
11997492.0
11997485.0
11997478.0
11997471.0
11997464.0
11997457.0
11997450.0
11997443.0
11997436.0
11997429.0
11997422.0
11997415.0
11997408.0
11997401.0
11997394.0
11997387.0
11997380.0
11997373.0
11997366.0
11997359.0
11997352.0
11997345.0
11997338.0
11997331.0
11997324.0
11997317.0
11997310.0
0
