300000000000
305976330.0
305971696.0
305967158.0
305962663.0
305958233.0
305953807.0
305949401.0
305945096.0
305940796.0
305936517.0
305932265.0
305928023.0
305923786.0
305919549.0
305915312.0
305911079.0
305906861.0
305902662.0
305898464.0
305894268.0
305890074.0
305885892.0
305881714.0
305877540.0
305873378.0
305869221.0
305865066.0
305860916.0
305856768.0
305852632.0
305848512.0
305844411.0
305840311.0
305836215.0
305832126.0
305828037.0
305823953.0
305819869.0
305815793.0
305811721.0
305807653.0
305803588.0
305799531.0
305795478.0
305791427.0
305787376.0
305783334.0
305779300.0
305775269.0
305771240.0
305767216.0
305763198.0
305759182.0
305755166.0
305751160.0
305747157.0
305743156.0
305739160.0
305735170.0
305731181.0
305727193.0
305723209.0
305719229.0
305715252.0
305711278.0
305707308.0
305703340.0
305699377.0
305695414.0
305691456.0
305687499.0
305683544.0
305679597.0
305675650.0
305671706.0
305667764.0
305663822.0
305659890.0
305655964.0
305652038.0
305648112.0
305644186.0
305640263.0
305636341.0
305632419.0
305628499.0
305624581.0
305620665.0
305616749.0
0
