22078672
1921660.0
1921648.0
1921636.0
1921624.0
1921612.0
1921600.0
1921592.0
1921584.0
1921576.0
1921568.0
1921560.0
1921552.0
1921544.0
1921536.0
1921528.0
1921520.0
1921512.0
1921504.0
1921496.5
1921489.5
1921482.5
1921475.5
1921468.5
1921461.5
1921454.5
1921447.5
1921440.5
1921433.5
1921426.5
1921419.5
1921412.5
1921405.5
1921398.5
1921391.5
1921384.5
1921377.5
1921370.5
1921363.5
1921356.5
1921349.5
1921342.5
1921335.5
1921328.5
1921321.5
1921314.5
1921307.5
1921300.5
1921293.5
1921286.5
1921279.5
1921272.5
1921265.5
1921258.5
1921251.5
1921244.5
1921237.5
1921230.5
1921223.5
1921216.5
1921209.5
1921202.5
1921195.5
1921188.5
1921181.5
1921174.5
1921167.5
1921161.0
1921155.0
1921149.0
0
