22078672
1921660.0
1921648.0
1921636.0
1921624.0
1921612.0
1921600.0
1921592.0
1921584.0
1921576.0
1921568.0
1921560.0
1921552.0
1921544.0
1921536.0
1921528.0
1921520.0
1921512.0
1921504.0
1921496.5
1921489.5
1921482.5
1921475.5
1921468.5
1921461.5
1921454.5
1921447.5
1921440.5
1921433.5
1921426.5
1921419.5
1921412.5
1921405.5
1921398.5
1921391.5
1921384.5
1921377.5
1921370.5
1921363.5
1921356.5
1921349.5
1921342.5
1921335.5
1921328.5
1921321.5
1921314.5
1921307.5
1921300.5
1921293.5
1921286.5
1921279.5
1921272.5
1921265.5
1921258.5
1921251.5
1921244.5
1921237.5
1921230.5
1921223.5
1921216.5
1921209.5
1921202.5
1921195.5
1921188.5
1921181.5
1921174.5
1921167.5
1921161.0
1921155.0
1921149.0
1921143.0
1921137.0
1921131.0
1921125.0
1921119.0
1921113.0
1921107.0
1921101.0
1921095.0
1921089.0
1921083.0
1921077.0
1921071.0
1921065.0
1921059.0
1921053.0
1921047.0
1921041.0
1921035.0
1921029.0
1921023.0
1921017.0
1921011.0
1921005.0
1920999.0
1920993.0
1920987.0
1920981.0
1920975.0
1920969.0
1920963.0
1920957.0
1920951.0
1920945.0
1920939.0
1920933.0
1920927.0
1920921.0
1920915.0
1920909.0
1920903.0
1920897.0
1920891.0
1920885.0
1920879.0
1920873.0
1920867.0
1920861.0
1920855.0
1920849.0
1920843.0
1920837.0
1920831.0
1920825.0
1920819.0
1920813.0
1920807.0
1920801.0
1920795.0
1920789.0
1920783.0
1920777.0
1920771.0
1920765.0
1920759.0
1920753.0
1920747.0
1920741.0
1920735.0
1920729.0
1920723.0
1920717.0
1920711.0
1920705.0
1920699.0
1920693.0
1920687.0
1920681.0
1920675.0
1920669.0
1920663.0
1920657.0
1920651.0
1920645.0
1920639.0
1920633.0
1920627.0
1920621.0
1920615.0
1920609.0
1920603.0
1920597.0
1920591.0
1920585.0
1920579.0
1920573.0
1920567.0
1920561.0
1920555.0
1920549.0
1920543.0
1920537.0
1920531.0
1920525.0
1920519.0
1920513.0
1920507.0
1920501.0
1920495.0
1920489.0
1920483.0
1920477.0
1920471.0
1920465.0
1920459.0
1920453.0
1920447.0
1920441.0
1920435.0
1920429.0
1920423.0
1920417.0
1920411.0
1920405.0
1920399.0
1920393.0
1920387.0
1920381.0
1920375.0
1920369.0
1920363.0
1920357.0
1920351.0
1920345.0
1920339.0
1920333.0
1920327.0
1920321.0
1920315.0
1920309.0
1920303.0
1920297.0
1920291.0
1920285.0
1920279.0
1920273.0
1920267.0
1920261.0
1920255.0
1920249.0
1920243.0
1920237.0
1920231.0
1920225.0
1920219.0
1920213.0
1920207.0
1920201.0
1920195.0
1920189.0
1920183.0
1920177.0
1920171.0
1920165.0
1920159.0
1920153.0
1920147.0
1920141.0
1920135.0
1920129.0
1920123.0
1920117.0
1920111.0
1920105.0
1920099.0
1920093.0
1920087.0
1920081.0
1920075.0
1920069.0
1920063.0
1920057.0
1920051.0
1920045.0
1920039.0
1920033.0
1920027.0
1920021.0
1920015.0
1920009.0
1920003.0
1919997.0
1919991.0
1919985.0
1919979.0
1919973.0
1919967.0
1919961.0
1919955.0
1919949.0
1919943.0
1919937.0
1919931.0
1919925.0
0
