235505834
82869.0
82858.0
82848.0
82839.0
82831.0
82824.0
82818.0
82812.0
82806.0
82801.0
82796.0
82792.0
82788.0
82784.0
82780.0
82776.0
82772.0
82768.0
82764.0
82760.0
82756.0
82752.0
82748.0
82744.0
82740.0
82736.0
82732.0
82728.0
82724.0
82720.0
82716.0
82712.0
82708.0
82704.0
82700.0
82696.0
82692.0
82688.0
82684.0
82680.0
82676.0
82672.0
82668.0
82664.0
82660.0
82656.0
82652.0
82648.0
82644.0
82640.0
82636.0
82632.0
82628.0
82624.0
82620.0
82616.0
82612.0
82608.0
82604.0
82600.0
82596.0
82592.0
82588.0
82584.0
82580.0
82576.0
82572.0
82568.0
82564.0
82560.0
82556.0
82552.0
82548.0
82544.0
82540.0
82536.0
82532.0
82528.0
82524.0
82520.0
82516.0
82512.0
82508.0
82504.0
82500.0
82496.0
82492.0
82488.0
82484.0
82480.0
82476.0
82472.0
82468.0
82464.0
82460.0
82456.0
82452.0
82448.0
82444.0
82440.0
82436.0
82432.0
82428.0
82424.0
82420.0
82416.0
82412.0
82408.0
82404.0
82400.0
82396.0
82392.0
82388.0
82384.0
82380.0
82376.0
82372.0
82368.0
82364.0
82360.0
82356.0
82352.0
82348.0
82344.0
82340.0
82336.0
82332.0
82328.0
82324.0
82320.0
82316.0
82312.0
82308.0
82304.0
82300.0
82296.0
82292.0
82288.0
82284.0
82280.0
82276.0
82272.0
82268.0
82264.0
82260.0
82256.0
82252.0
82248.0
82244.0
82240.0
82236.0
82232.0
82228.0
82224.0
82220.0
82216.0
82212.0
0
