235505834
82869.0
82858.0
82848.0
82839.0
82831.0
82824.0
82818.0
82812.0
82806.0
82801.0
82796.0
82792.0
82788.0
82784.0
82780.0
82776.0
82772.0
82768.0
82764.0
82760.0
82756.0
82752.0
82748.0
82744.0
82740.0
82736.0
82732.0
82728.0
82724.0
82720.0
82716.0
82712.0
82708.0
82704.0
82700.0
82696.0
82692.0
82688.0
82684.0
82680.0
82676.0
82672.0
82668.0
82664.0
82660.0
82656.0
82652.0
82648.0
82644.0
82640.0
82636.0
82632.0
82628.0
82624.0
82620.0
82616.0
82612.0
82608.0
82604.0
82600.0
82596.0
82592.0
82588.0
82584.0
82580.0
82576.0
82572.0
82568.0
82564.0
82560.0
82556.0
82552.0
82548.0
82544.0
82540.0
82536.0
82532.0
82528.0
82524.0
0
