100000
99999.0
99999.0
99999.0
99999.0
99999.0
99999.0
99999.0
99999.0
99999.0
99999.0
99999.0
99999.0
99999.0
99999.0
99999.0
99999.0
99999.0
99999.0
99999.0
99999.0
99999.0
99999.0
99999.0
99999.0
99999.0
99999.0
99999.0
99999.0
99999.0
99999.0
99999.0
99999.0
99999.0
99999.0
99999.0
99999.0
99999.0
99999.0
99999.0
99999.0
99999.0
99999.0
99999.0
99999.0
99999.0
99999.0
99999.0
99999.0
99999.0
99999.0
99999.0
99999.0
99999.0
99999.0
99999.0
99999.0
99999.0
99999.0
99999.0
99999.0
99999.0
99999.0
99999.0
99999.0
99999.0
99999.0
99999.0
99999.0
99999.0
99999.0
99999.0
99999.0
99999.0
99999.0
99999.0
99999.0
99999.0
99999.0
99999.0
99999.0
99999.0
99999.0
99999.0
99999.0
99999.0
99999.0
99999.0
99999.0
99999.0
99999.0
99999.0
99999.0
99999.0
99999.0
99999.0
99999.0
99999.0
99999.0
99999.0
99999.0
99999.0
99999.0
99999.0
99999.0
99999.0
99999.0
99999.0
99999.0
99999.0
99999.0
99999.0
99999.0
99999.0
99999.0
99999.0
99999.0
99999.0
99999.0
99999.0
99999.0
99999.0
99999.0
99999.0
99999.0
99999.0
99999.0
99999.0
99999.0
99999.0
99999.0
99999.0
99999.0
99999.0
99999.0
99999.0
99999.0
99999.0
99999.0
99999.0
99999.0
99999.0
99999.0
99999.0
99999.0
99999.0
99999.0
99999.0
99999.0
99999.0
0
