200000
100008.043545
100007.94745
100007.916545
100007.55412
100007.545069
100007.28238
100007.26435
100007.1379
100007.13565
100006.980546
100006.9741405
100006.92976
100006.91905
100006.8912922
100006.778807
100006.7576905
100006.731686
100006.71764
100006.7003576
100006.67644
100006.62404
100006.5862
100006.54672
100006.536337
100006.531369
100006.47143
100006.4216
100006.4091
100006.4042752
100006.3927
100006.383088
100006.362112
100006.34293
100006.246912
100006.218872
100006.192692
100006.165131
100006.145964
100006.13114
100006.09092
100006.067418
100006.05609
100006.03603
100005.99796
100005.9683
100005.9507452
100005.946
100005.9355
100005.90208
100005.88627
100005.875
100005.869836
100005.85648
100005.8238
100005.81598
100005.80584
100005.79348
100005.78054
100005.7775
100005.774028
100005.77255
100005.70825
100005.7033
100005.70055
100005.697252
100005.668
100005.663268
100005.662062
100005.6381088
100005.62948
100005.620648
100005.60805
100005.58756
100005.550468
100005.5287814
100005.5101066
100005.5091778
100005.501376
100005.4912
100005.4876276
100005.47107
100005.4627651
100005.4504405
100005.42455
100005.4217152
100005.419824
100005.41875
100005.4087628
100005.39424
100005.3890944
100005.38188
100005.362308
100005.3581941
100005.357886
100005.3455
100005.3434392
100005.336664
100005.316444
100005.31258
100005.30314
100005.2976
100005.290848
100005.28836
100005.285
100005.27828
100005.26425
100005.2564905
100005.25275
100005.23305
100005.2281
100005.2260616
100005.22046
100005.21916
100005.2141966
100005.21124
100005.204472
100005.19694
100005.193364
100005.189472
100005.186273
100005.1853123
100005.159153
100005.1590704
100005.15884
100005.13492
100005.12559
100005.11797
100005.11012
100005.105781
100005.100795
100005.073064
100005.071905
100005.058692
100005.049
100005.031473
100005.02853
100005.00241
100005.0011844
100004.9879142
100004.967571
100004.9534541
100004.95288
100004.945
100004.944768
100004.93425
100004.9339769
100004.9226364
100004.912413
100004.89459
100004.89159
100004.88988
100004.842108
100004.832112
100004.8251996
100004.822776
100004.82128
100004.8163
100004.811947
100004.793296
100004.778436
100004.777744
100004.7678976
100004.761046
100004.7419968
100004.7406534
100004.733078
100004.7248544
100004.7196512
100004.71377
100004.6776912
100004.6762023
100004.675924
100004.66578
100004.65904
100004.6587904
100004.64168
100004.64162
100004.6385992
100004.633392
100004.62924
100004.625725
100004.621
100004.587572
100004.587384
100004.586055
100004.5825568
100004.58052
100004.5718532
100004.5615303
100004.5583551
100004.550905
100004.5399696
100004.5202815
100004.5185712
100004.5173786
100004.5078358
100004.501105
100004.4865429
100004.477914
100004.476144
100004.46652
100004.4621056
100004.4572924
100004.456845
100004.4567135
100004.451135
100004.45043
100004.4494208
100004.4449482
100004.44087
100004.436502
100004.433932
100004.431266
100004.4291632
100004.4242176
100004.416456
100004.415545
100004.410147
100004.407
100004.4063152
100004.4050014
100004.401696
100004.4012934
100004.3981704
100004.3834945
100004.3763664
100004.37482
100004.3742643
100004.36674
100004.3556992
100004.351781
100004.34429
100004.343989
100004.34
100004.339998
100004.338928
100004.3317568
100004.32425
100004.3073365
100004.3070766
100004.2975579
100004.296859
100004.2890522
100004.2803966
100004.27725
100004.2703
100004.268808
100004.25555
100004.2551242
100004.253827
100004.25154
100004.2475
100004.24442
100004.24235
100004.23936
100004.2223356
100004.2142
100004.212072
100004.205619
100004.203416
100004.190412
100004.18653
100004.184012
100004.1811482
100004.180484
100004.17711
100004.176984
100004.1640768
100004.1439936
100004.13616
100004.135632
100004.131812
100004.1305
100004.125272
100004.1179943
100004.1164
100004.116231
100004.11248
100004.112184
100004.1092282
100004.1078187
100004.100468
100004.0972284
100004.096105
100004.095
100004.08807
100004.08354
100004.07836
100004.0782672
100004.07421
100004.0691968
100004.0636
100004.0597823
100004.05825
100004.0561335
100004.05275
100004.04928
100004.047097
100004.0426323
100004.0425546
100004.03452
100004.027354
100004.026484
100004.0227
100004.022608
100004.02096
100004.0204533
100004.018608
100004.0119238
100004.00128
100003.997221
100003.9940896
100003.99072
100003.985741
100003.9829196
100003.9817792
100003.98009
100003.9631058
100003.962772
100003.96027
100003.9585
100003.94759
100003.9430741
100003.9409638
100003.93578
100003.93384
100003.9325
100003.9318041
100003.93176
100003.9312
100003.928046
100003.924864
100003.922851
100003.9215
100003.91776
100003.91515
100003.913632
100003.9097851
100003.9087624
100003.9083723
100003.9055288
100003.90265
100003.8999528
100003.898896
100003.8923584
100003.89139
100003.888807
100003.888702
100003.888498
100003.8866688
100003.884135
100003.8773
100003.871833
100003.8644046
100003.86304
100003.862224
100003.85812
100003.85704
100003.851338
100003.8499786
100003.844944
100003.843054
100003.8384496
100003.83019
100003.82768
100003.8260068
100003.8256
100003.82032
100003.819978
100003.8196
100003.8170896
100003.81568
100003.809904
100003.80705
100003.80365
100003.8036
100003.799056
100003.796707
100003.796485
100003.79302
100003.7926476
100003.7912942
100003.78496
100003.78168
100003.7776
100003.776922
100003.77298
100003.769605
100003.7682104
100003.766499
100003.765846
100003.7596
100003.75144
100003.74908
100003.7490208
100003.747664
100003.742926
100003.7423064
100003.741708
100003.74094
100003.7327092
100003.72879
100003.728557
100003.7283715
100003.7278
100003.727592
100003.725004
100003.7191336
100003.7178192
100003.71535
100003.6995958
100003.6959
100003.6957769
100003.680928
100003.67817
100003.678068
100003.67728
100003.675636
100003.672508
100003.6715712
100003.66759
100003.6637696
100003.6480794
100003.644748
100003.643626
100003.642905
100003.638679
100003.637392
100003.6335722
100003.6314131
100003.63014
100003.628128
100003.622654
100003.6206387
100003.61959
100003.617592
100003.614347
100003.6136138
100003.6112088
100003.6086001
100003.60415
100003.593865
100003.589227
100003.5882
100003.5870068
100003.586652
100003.580742
100003.5798304
100003.578248
100003.57504
100003.5736
100003.5721783
100003.57016
100003.5667048
100003.566678
100003.564802
100003.564456
100003.558882
100003.5585
100003.552432
100003.5520108
100003.548832
100003.545821
100003.5448
100003.5434252
100003.542045
100003.53155
100003.529127
100003.520748
100003.5174601
100003.511892
100003.51153
100003.508792
100003.5072646
100003.506715
100003.506568
100003.500104
100003.499726
100003.4992223
100003.495341
100003.48048
100003.472864
100003.466554
100003.466504
100003.46332
100003.46304
100003.4629035
100003.462844
100003.455088
100003.452225
100003.4460736
100003.44317
100003.442103
100003.4416
100003.43372
100003.4328
100003.42723
100003.4240176
100003.42207
100003.4199433
100003.4198332
100003.4126687
100003.40818
100003.403785
100003.395656
100003.391272
100003.386267
100003.382308
100003.3718928
100003.3714
100003.368808
100003.367545
100003.36545
100003.3629141
100003.362135
100003.350767
100003.344
100003.330952
100003.32766
100003.326022
100003.3212091
100003.319344
100003.3169851
100003.3154
100003.312701
100003.3119502
100003.31072
100003.310608
100003.308596
100003.30701
100003.306534
100003.2971134
100003.2946912
100003.2884422
100003.2859992
100003.275752
100003.2742241
100003.2713692
100003.2706315
100003.260418
100003.2594172
100003.2564868
100003.2456584
100003.24282
100003.2407557
100003.232881
100003.231522
100003.2310564
100003.22525
100003.2222091
100003.20464
100003.1998715
100003.196441
100003.19595
100003.195545
100003.192124
100003.1876768
100003.186896
100003.1868692
100003.18519
100003.1833288
100003.179635
100003.172876
100003.172428
100003.1692288
100003.167373
100003.1648301
100003.1637034
100003.161682
100003.15468
100003.1526172
100003.14595
100003.142296
100003.141725
100003.1375726
100003.13631
100003.134072
100003.129605
100003.1275648
100003.124836
100003.12333
100003.1164192
100003.10724
100003.103612
100003.101248
100003.1007886
100003.0989658
100003.0910335
100003.090621
100003.082848
100003.07971
100003.07876
100003.066588
100003.060148
100003.0458596
100003.04244
100003.042402
100003.0401272
100003.038409
100003.035354
100003.03482
100003.0345
100003.03042
100003.0287
100003.025073
100003.0229472
100003.0222
100003.020644
100003.01995
100003.0195
100003.0166715
100003.015972
100003.01411
0
