200000
100008.043545
100007.94745
100007.916545
100007.55412
100007.545069
100007.28238
100007.26435
100007.1379
100007.13565
100006.980546
100006.9741405
100006.92976
100006.91905
100006.8912922
100006.778807
100006.7576905
100006.731686
100006.71764
100006.7003576
100006.67644
100006.62404
100006.5862
100006.54672
100006.536337
100006.531369
100006.47143
100006.4216
100006.4091
100006.4042752
100006.3927
100006.383088
100006.362112
100006.34293
100006.246912
100006.218872
100006.192692
100006.165131
100006.145964
100006.13114
100006.09092
100006.067418
100006.05609
100006.03603
100005.99796
100005.9683
100005.9507452
100005.946
100005.9355
100005.90208
100005.88627
100005.875
100005.869836
100005.85648
100005.8238
100005.81598
100005.80584
100005.79348
100005.78054
100005.7775
100005.774028
100005.77255
100005.70825
100005.7033
100005.70055
100005.697252
100005.668
100005.663268
100005.662062
100005.6381088
100005.62948
100005.620648
100005.60805
100005.58756
100005.550468
100005.5287814
100005.5101066
100005.5091778
100005.501376
100005.4912
100005.4876276
100005.47107
100005.4627651
100005.4504405
100005.42455
100005.4217152
100005.419824
100005.41875
100005.4087628
100005.39424
100005.3890944
100005.38188
100005.362308
100005.3581941
100005.357886
100005.3455
100005.3434392
100005.336664
100005.316444
100005.31258
100005.30314
100005.2976
100005.290848
100005.28836
100005.285
100005.27828
100005.26425
100005.2564905
100005.25275
100005.23305
100005.2281
100005.2260616
100005.22046
100005.21916
100005.2141966
100005.21124
100005.204472
100005.19694
100005.193364
100005.189472
100005.186273
100005.1853123
100005.159153
100005.1590704
100005.15884
100005.13492
100005.12559
100005.11797
100005.11012
100005.105781
100005.100795
100005.073064
100005.071905
100005.058692
100005.049
100005.031473
100005.02853
100005.00241
100005.0011844
100004.9879142
100004.967571
100004.9534541
100004.95288
100004.945
100004.944768
100004.93425
100004.9339769
100004.9226364
100004.912413
100004.89459
100004.89159
100004.88988
100004.842108
100004.832112
100004.8251996
100004.822776
0
