200000
100104.069
100102.71951
100102.3145
100101.54751
100100.9715
100100.738
100100.695
100100.5805
100100.48002
100100.43187
100100.373
100100.290025
100100.19055
100100.053
100099.9855
100099.94452
100099.81156
100099.76
100099.68552
100099.5915298
100099.57653
100099.5755
100099.48054
100099.4739298
100099.4625
100099.45601
100099.3195
100099.273005
100099.27204
100099.25538
100099.25152
100099.12701
100099.084035
100099.07403
100099.06202
100098.99401
100098.9849
100098.94608
100098.92552
100098.91701
100098.88151
100098.834
100098.82516
100098.79478
100098.73108
100098.66689
100098.64432
100098.614025
100098.599045
100098.58849
100098.57302
100098.57232
100098.5515
100098.4935
100098.47285
100098.445
100098.43052
100098.37202
100098.33558
100098.3285
100098.30478
100098.28505
100098.2275
100098.223
100098.15288
100098.14752
100098.11824
100098.0845
100098.03303
100098.0225449
100098.021
100097.9568996
100097.8936896
100097.8799794
100097.8465
100097.82899
100097.82102
100097.81759
100097.7946949
100097.78451
100097.7715
100097.76302
100097.7565
100097.727545
100097.69968
100097.643
100097.62851
100097.609
100097.576
100097.53254
100097.50252
100097.48795
100097.473
100097.4722749
100097.46103
100097.45296
100097.44653
100097.38703
100097.3625
100097.3473494
100097.33953
100097.2635
100097.25863
100097.236515
100097.2015
100097.1910296
100097.16951
100097.1544
100097.132
100097.12252
100097.10353
100097.085
100097.06157
100097.02009
100097.0145
100096.9768849
100096.96901
100096.948535
100096.94552
100096.93866
100096.89472
100096.8865648
100096.879075
100096.874
100096.85879
100096.8583147
100096.8525
100096.8515
100096.84213
100096.808075
100096.783015
100096.75204
100096.7514996
100096.75058
100096.749
100096.747
100096.72603
100096.709545
100096.7065
100096.70152
100096.7008
100096.696015
100096.68901
100096.68453
100096.66553
100096.6275198
100096.603
100096.51506
100096.5143298
100096.506
100096.495535
100096.487525
100096.47414
100096.471575
100096.47136
100096.44523
100096.4145
100096.4109692
100096.39203
100096.38937
100096.3825
100096.3686592
100096.36706
100096.3535
100096.34953
100096.34452
100096.32951
100096.32209
100096.32112
100096.3126
100096.2928
100096.28412
100096.270264
100096.26451
100096.226605
100096.21308
100096.201
100096.1703498
100096.166
100096.15662
100096.1488096
100096.14803
100096.1478588
100096.14045
100096.1355
100096.1037
100096.06251
100096.0493296
100096.0336192
100095.98155
100095.974
100095.969535
100095.9655298
100095.96258
100095.962545
100095.9575
100095.9518
100095.9505984
100095.94706
100095.9308848
100095.92512
100095.925105
100095.91
100095.90832
100095.89363
100095.87662
100095.84807000001
100095.82651
100095.78544
100095.73704
100095.73665
100095.73653
100095.714045
100095.7028898
100095.6918544
100095.64898
100095.644545
100095.644
100095.63654
100095.61508
100095.604
100095.59654
100095.58902
100095.5799488
100095.55
100095.5454784
100095.53756
100095.535
100095.533545
100095.53154
100095.52901
100095.50752
100095.5024896
100095.4970898
100095.4875
100095.48455
100095.4744
100095.46409
100095.45641
100095.4216048
100095.391055
100095.36282
100095.3539248
100095.35304
100095.3503147
100095.32
100095.306015
100095.305049
100095.30154
100095.29618
100095.271
100095.26804
100095.255565
100095.25404
100095.246025
100095.24456
100095.242
100095.2156896
100095.2021
100095.19852
100095.1869688
100095.1482098
100095.1482049
100095.148005
100095.13306
100095.11912
100095.117
100095.1110041
100095.09154
100095.0830447
100095.0795
100095.04726
100095.044
100095.04354
100095.03258
100095.01957
100095.0076
100095.00212
100094.9649498
100094.9545
100094.9370198
100094.9365
100094.9336829
100094.924575
100094.897
100094.883
100094.8826788
100094.8752994
100094.8725
100094.85552
100094.85407
100094.8515
100094.8498782
100094.84097
100094.8271
100094.827
100094.82562
100094.82351
100094.8192
100094.8
100094.7865792
100094.7699641
100094.7695
100094.758264
100094.753
100094.7517998
100094.74804
100094.7385796
100094.7253447
100094.72354
100094.71755
100094.7068992
100094.6974294
100094.69299
100094.6911
100094.6845
100094.6651296
100094.66105
100094.65557
100094.65064
100094.639025
100094.63556
100094.63204
100094.6288882
100094.62262
100094.615575
100094.6099632
100094.60969
100094.5969794
100094.5876743
100094.5832398
100094.579
100094.57559
100094.57488
100094.57001
100094.54697
100094.54565
100094.542
100094.5419147
100094.54006
100094.536605
100094.53423
100094.53258
100094.52835
100094.51675
100094.511525
100094.4970929
100094.49457
100094.4888047
100094.48598
100094.46465
100094.4492
100094.432575
100094.429958
100094.42468
100094.4137782
100094.411025
100094.40662
100094.398
100094.38
100094.3792
100094.37657
100094.3643372
100094.3632768
100094.36302
100094.363
100094.36156
100094.3525282
100094.3485494
100094.34754
100094.3473347
100094.3465796
100094.346
100094.328
100094.3215
100094.30148
100094.3005
100094.297565
100094.29553
100094.29158
100094.2892692
100094.288035
100094.28759
100094.2867
100094.27943
100094.2758496
100094.2745496
100094.262525
100094.26052
100094.25658
100094.25591
100094.236005
100094.22553
100094.2235
100094.2191992
100094.219125
100094.2175
100094.21426
100094.21058
100094.21053
100094.20838
100094.2072576
100094.2030782
100094.1911
100094.1823264
100094.179
100094.178448
100094.1653139
100094.16526
100094.15889
100094.15458
100094.15362
100094.13907
100094.1389372
100094.13056
100094.12607
100094.125035
100094.1222
100094.12128
100094.10353
100094.1
100094.09519
100094.091575
100094.08666
100094.08602
100094.0672796
100094.0672241
100094.05265
100094.0496
100094.0493547
100094.02851
100094.02414
100094.019575
100094.01412
100094.011605
100094.0070592
100094.00455
100093.9918784
100093.99131
100093.9912
100093.9864688
100093.985
100093.96485
100093.964725
100093.9560398
100093.95015
100093.95
100093.9433047
100093.93768
100093.92524
100093.92201
100093.92103
100093.90553
100093.89957
100093.8975682
100093.8942496
100093.8928
100093.8899976
100093.88992
100093.881
100093.875525
100093.85854
100093.85632
100093.83059
100093.830055
100093.8291298
100093.82252
100093.82226
100093.8184288
100093.8183596
100093.81605
100093.77856
100093.7781943
100093.7772294
100093.7738608
100093.77277
100093.752545
100093.7515
100093.75072
100093.7487845
100093.719
100093.71455
100093.71311
100093.709
100093.70253
100093.697525
100093.6885194
100093.681515
100093.680545
100093.67776
100093.67058
100093.66452
100093.66384
100093.6605472
100093.65784
100093.65664
100093.648625
100093.639432
100093.6347076
100093.6325
100093.63116
100093.6282494
100093.628
100093.6272841
100093.6184641
100093.61803
100093.6115
100093.61012
100093.60812
100093.60617
100093.6028184
100093.59605
100093.59108
100093.59105
100093.58414
100093.578
100093.5778284
100093.577075
100093.56354
100093.559105
100093.558738
100093.5565
100093.54304
100093.5415
100093.537585
100093.534515
100093.5312196
100093.52556
100093.52336
100093.52153
100093.51503
100093.50702
100093.5038139
100093.49652
100093.4847
100093.46505
100093.4596894
100093.4515
100093.4513594
100093.449
100093.4449984
100093.4406
100093.43553
100093.435275
100093.4325568
100093.432505
100093.4152384
100093.40512
100093.401
100093.3950592
100093.39158
100093.3861992
100093.384035
100093.363535
100093.360635
100093.35856
100093.3459947
100093.3427296
100093.34166
100093.3352196
100093.32064
100093.31413
100093.30923
100093.3063586
100093.3058368
100093.29959
100093.294525
100093.29355
100093.2931
100093.27106
100093.268045
100093.26
100093.2573232
100093.257
100093.2486688
100093.23754
100093.23401
100093.23103
100093.22463
100093.22262
100093.2176
100093.21275
100093.209505
100093.2064432
100093.2063594
100093.20633
100093.2038
100093.190258
100093.1891392
100093.1873082
100093.1714752
100093.16951
100093.1657629
100093.16271
100093.1625
100093.1615294
100093.1608864
100093.15964
100093.156984
100093.1490588
100093.1426986
100093.1411992
100093.14067
100093.135819
100093.1341
100093.1115
100093.10735
100093.10686
100093.1058898
100093.1005
100093.0956096
100093.08632
100093.0830496
0
