200000
100008.043545
100007.94745
100007.916545
100007.55412
100007.545069
100007.28238
100007.26435
100007.1379
100007.13565
100006.980546
100006.9741405
100006.92976
100006.91905
100006.8912922
100006.778807
100006.7576905
100006.731686
100006.71764
100006.7003576
100006.67644
100006.62404
100006.5862
100006.54672
100006.536337
100006.531369
100006.47143
100006.4216
100006.4091
100006.4042752
100006.3927
100006.383088
100006.362112
100006.34293
100006.246912
100006.218872
100006.192692
100006.165131
100006.145964
100006.13114
100006.09092
100006.067418
100006.05609
100006.03603
100005.99796
100005.9683
100005.9507452
100005.946
100005.9355
100005.90208
100005.88627
100005.875
100005.869836
100005.85648
100005.8238
100005.81598
100005.80584
100005.79348
100005.78054
100005.7775
100005.774028
100005.77255
100005.70825
100005.7033
100005.70055
100005.697252
100005.668
100005.663268
100005.662062
100005.6381088
100005.62948
100005.620648
100005.60805
100005.58756
100005.550468
100005.5287814
100005.5101066
100005.5091778
100005.501376
100005.4912
100005.4876276
100005.47107
100005.4627651
100005.4504405
100005.42455
100005.4217152
100005.419824
100005.41875
100005.4087628
100005.39424
100005.3890944
100005.38188
100005.362308
100005.3581941
100005.357886
100005.3455
100005.3434392
100005.336664
100005.316444
100005.31258
100005.30314
100005.2976
100005.290848
100005.28836
100005.285
100005.27828
100005.26425
100005.2564905
100005.25275
100005.23305
100005.2281
100005.2260616
100005.22046
100005.21916
100005.2141966
100005.21124
100005.204472
100005.19694
100005.193364
100005.189472
100005.186273
100005.1853123
100005.159153
100005.1590704
100005.15884
100005.13492
100005.12559
100005.11797
100005.11012
100005.105781
100005.100795
100005.073064
100005.071905
100005.058692
100005.049
100005.031473
100005.02853
100005.00241
100005.0011844
100004.9879142
100004.967571
100004.9534541
100004.95288
100004.945
100004.944768
100004.93425
100004.9339769
100004.9226364
100004.912413
100004.89459
100004.89159
100004.88988
100004.842108
100004.832112
100004.8251996
100004.822776
100004.82128
100004.8163
100004.811947
100004.793296
100004.778436
100004.777744
100004.7678976
100004.761046
100004.7419968
100004.7406534
100004.733078
100004.7248544
100004.7196512
100004.71377
100004.6776912
100004.6762023
100004.675924
100004.66578
100004.65904
100004.6587904
100004.64168
100004.64162
100004.6385992
100004.633392
100004.62924
100004.625725
100004.621
100004.587572
100004.587384
100004.586055
100004.5825568
100004.58052
100004.5718532
100004.5615303
100004.5583551
100004.550905
100004.5399696
100004.5202815
100004.5185712
100004.5173786
100004.5078358
100004.501105
100004.4865429
100004.477914
100004.476144
100004.46652
100004.4621056
100004.4572924
100004.456845
100004.4567135
100004.451135
100004.45043
100004.4494208
100004.4449482
100004.44087
100004.436502
100004.433932
100004.431266
100004.4291632
100004.4242176
100004.416456
100004.415545
100004.410147
100004.407
100004.4063152
100004.4050014
100004.401696
100004.4012934
100004.3981704
100004.3834945
100004.3763664
100004.37482
100004.3742643
100004.36674
100004.3556992
100004.351781
100004.34429
100004.343989
100004.34
100004.339998
100004.338928
100004.3317568
100004.32425
100004.3073365
100004.3070766
100004.2975579
100004.296859
100004.2890522
100004.2803966
100004.27725
100004.2703
100004.268808
100004.25555
100004.2551242
100004.253827
100004.25154
100004.2475
100004.24442
100004.24235
100004.23936
100004.2223356
100004.2142
100004.212072
100004.205619
100004.203416
100004.190412
100004.18653
100004.184012
100004.1811482
100004.180484
100004.17711
100004.176984
100004.1640768
100004.1439936
100004.13616
100004.135632
100004.131812
100004.1305
100004.125272
100004.1179943
100004.1164
100004.116231
100004.11248
100004.112184
100004.1092282
100004.1078187
100004.100468
100004.0972284
100004.096105
100004.095
100004.08807
100004.08354
100004.07836
100004.0782672
100004.07421
100004.0691968
100004.0636
100004.0597823
100004.05825
100004.0561335
100004.05275
100004.04928
100004.047097
100004.0426323
100004.0425546
100004.03452
100004.027354
100004.026484
100004.0227
100004.022608
100004.02096
100004.0204533
0
