200000
100104.069
100102.71951
100102.3145
100101.54751
100100.9715
100100.738
100100.695
100100.5805
100100.48002
100100.43187
100100.373
100100.290025
100100.19055
100100.053
100099.9855
100099.94452
100099.81156
100099.76
100099.68552
100099.5915298
100099.57653
100099.5755
100099.48054
100099.4739298
100099.4625
100099.45601
100099.3195
100099.273005
100099.27204
100099.25538
100099.25152
100099.12701
100099.084035
100099.07403
100099.06202
100098.99401
100098.9849
100098.94608
100098.92552
100098.91701
100098.88151
100098.834
100098.82516
100098.79478
100098.73108
100098.66689
100098.64432
100098.614025
100098.599045
100098.58849
100098.57302
100098.57232
100098.5515
100098.4935
100098.47285
100098.445
100098.43052
100098.37202
100098.33558
100098.3285
100098.30478
100098.28505
100098.2275
100098.223
100098.15288
100098.14752
100098.11824
100098.0845
100098.03303
100098.0225449
100098.021
100097.9568996
100097.8936896
100097.8799794
100097.8465
100097.82899
100097.82102
100097.81759
100097.7946949
100097.78451
100097.7715
100097.76302
100097.7565
100097.727545
100097.69968
100097.643
100097.62851
100097.609
100097.576
100097.53254
100097.50252
100097.48795
100097.473
100097.4722749
100097.46103
100097.45296
100097.44653
100097.38703
100097.3625
100097.3473494
100097.33953
100097.2635
100097.25863
100097.236515
100097.2015
100097.1910296
100097.16951
100097.1544
100097.132
100097.12252
100097.10353
100097.085
100097.06157
100097.02009
100097.0145
100096.9768849
100096.96901
100096.948535
100096.94552
100096.93866
100096.89472
100096.8865648
100096.879075
100096.874
100096.85879
100096.8583147
100096.8525
100096.8515
100096.84213
100096.808075
100096.783015
100096.75204
100096.7514996
100096.75058
100096.749
100096.747
100096.72603
100096.709545
100096.7065
100096.70152
100096.7008
100096.696015
100096.68901
100096.68453
100096.66553
100096.6275198
100096.603
100096.51506
100096.5143298
100096.506
100096.495535
100096.487525
100096.47414
100096.471575
100096.47136
100096.44523
100096.4145
100096.4109692
100096.39203
100096.38937
100096.3825
100096.3686592
100096.36706
100096.3535
100096.34953
100096.34452
100096.32951
100096.32209
100096.32112
100096.3126
100096.2928
100096.28412
100096.270264
100096.26451
100096.226605
100096.21308
100096.201
100096.1703498
100096.166
100096.15662
100096.1488096
100096.14803
100096.1478588
100096.14045
100096.1355
100096.1037
100096.06251
100096.0493296
100096.0336192
100095.98155
100095.974
100095.969535
100095.9655298
100095.96258
100095.962545
100095.9575
100095.9518
100095.9505984
100095.94706
100095.9308848
100095.92512
100095.925105
100095.91
100095.90832
100095.89363
100095.87662
100095.84807000001
100095.82651
100095.78544
100095.73704
100095.73665
100095.73653
100095.714045
100095.7028898
100095.6918544
100095.64898
100095.644545
100095.644
100095.63654
100095.61508
100095.604
100095.59654
100095.58902
100095.5799488
100095.55
100095.5454784
100095.53756
100095.535
100095.533545
100095.53154
100095.52901
100095.50752
100095.5024896
100095.4970898
100095.4875
100095.48455
100095.4744
100095.46409
100095.45641
100095.4216048
100095.391055
100095.36282
100095.3539248
100095.35304
100095.3503147
100095.32
100095.306015
100095.305049
100095.30154
100095.29618
100095.271
100095.26804
100095.255565
100095.25404
100095.246025
100095.24456
100095.242
100095.2156896
100095.2021
100095.19852
100095.1869688
100095.1482098
100095.1482049
100095.148005
100095.13306
100095.11912
100095.117
100095.1110041
100095.09154
100095.0830447
100095.0795
100095.04726
100095.044
100095.04354
100095.03258
100095.01957
100095.0076
100095.00212
100094.9649498
100094.9545
100094.9370198
100094.9365
100094.9336829
100094.924575
100094.897
100094.883
100094.8826788
100094.8752994
100094.8725
100094.85552
100094.85407
100094.8515
100094.8498782
100094.84097
100094.8271
100094.827
100094.82562
100094.82351
100094.8192
100094.8
100094.7865792
100094.7699641
100094.7695
100094.758264
100094.753
100094.7517998
100094.74804
0
