200000
100104.069
100102.71951
100102.3145
100101.54751
100100.9715
100100.738
100100.695
100100.5805
100100.48002
100100.43187
100100.373
100100.290025
100100.19055
100100.053
100099.9855
100099.94452
100099.81156
100099.76
100099.68552
100099.5915298
100099.57653
100099.5755
100099.48054
100099.4739298
100099.4625
100099.45601
100099.3195
100099.273005
100099.27204
100099.25538
100099.25152
100099.12701
100099.084035
100099.07403
100099.06202
100098.99401
100098.9849
100098.94608
100098.92552
100098.91701
100098.88151
100098.834
100098.82516
100098.79478
100098.73108
100098.66689
100098.64432
100098.614025
100098.599045
100098.58849
100098.57302
100098.57232
100098.5515
100098.4935
100098.47285
100098.445
100098.43052
100098.37202
100098.33558
100098.3285
100098.30478
100098.28505
100098.2275
100098.223
100098.15288
100098.14752
100098.11824
100098.0845
100098.03303
100098.0225449
100098.021
100097.9568996
100097.8936896
100097.8799794
100097.8465
100097.82899
100097.82102
100097.81759
100097.7946949
100097.78451
100097.7715
100097.76302
100097.7565
100097.727545
100097.69968
100097.643
100097.62851
100097.609
100097.576
100097.53254
100097.50252
100097.48795
100097.473
100097.4722749
100097.46103
100097.45296
100097.44653
100097.38703
100097.3625
100097.3473494
100097.33953
100097.2635
100097.25863
100097.236515
100097.2015
100097.1910296
100097.16951
100097.1544
100097.132
100097.12252
100097.10353
100097.085
100097.06157
100097.02009
100097.0145
100096.9768849
100096.96901
100096.948535
100096.94552
100096.93866
100096.89472
100096.8865648
100096.879075
100096.874
100096.85879
100096.8583147
100096.8525
100096.8515
100096.84213
100096.808075
100096.783015
100096.75204
100096.7514996
100096.75058
100096.749
100096.747
100096.72603
100096.709545
100096.7065
100096.70152
100096.7008
100096.696015
100096.68901
100096.68453
100096.66553
100096.6275198
100096.603
100096.51506
100096.5143298
100096.506
100096.495535
100096.487525
100096.47414
100096.471575
100096.47136
0
