200000
100104.069
100102.71951
100102.3145
100101.54751
100100.9715
100100.738
100100.695
100100.5805
100100.48002
100100.43187
100100.373
100100.290025
100100.19055
100100.053
100099.9855
100099.94452
100099.81156
100099.76
100099.68552
100099.5915298
100099.57653
100099.5755
100099.48054
100099.4739298
100099.4625
100099.45601
100099.3195
100099.273005
100099.27204
100099.25538
100099.25152
100099.12701
100099.084035
100099.07403
100099.06202
100098.99401
100098.9849
100098.94608
100098.92552
100098.91701
100098.88151
100098.834
100098.82516
100098.79478
100098.73108
100098.66689
100098.64432
100098.614025
100098.599045
100098.58849
100098.57302
100098.57232
100098.5515
100098.4935
100098.47285
100098.445
100098.43052
100098.37202
100098.33558
100098.3285
100098.30478
100098.28505
100098.2275
100098.223
100098.15288
100098.14752
100098.11824
100098.0845
100098.03303
100098.0225449
100098.021
100097.9568996
100097.8936896
100097.8799794
100097.8465
100097.82899
100097.82102
100097.81759
100097.7946949
0
