200000
100008.043545
100007.94745
100007.916545
100007.55412
100007.545069
100007.28238
100007.26435
100007.1379
100007.13565
100006.980546
100006.9741405
100006.92976
100006.91905
100006.8912922
100006.778807
100006.7576905
100006.731686
100006.71764
100006.7003576
100006.67644
100006.62404
100006.5862
100006.54672
100006.536337
100006.531369
100006.47143
100006.4216
100006.4091
100006.4042752
100006.3927
100006.383088
100006.362112
100006.34293
100006.246912
100006.218872
100006.192692
100006.165131
100006.145964
100006.13114
100006.09092
100006.067418
0
