200000
100104.069
100102.71951
100102.3145
100101.54751
100100.9715
100100.738
100100.695
100100.5805
100100.48002
100100.43187
100100.373
100100.290025
100100.19055
100100.053
100099.9855
100099.94452
100099.81156
100099.76
100099.68552
100099.5915298
100099.57653
100099.5755
100099.48054
100099.4739298
100099.4625
100099.45601
100099.3195
100099.273005
100099.27204
100099.25538
100099.25152
100099.12701
100099.084035
100099.07403
100099.06202
100098.99401
100098.9849
100098.94608
100098.92552
100098.91701
100098.88151
0
