100000
99999.1873
99999.1828
99999.1828
99999.181
99999.180091
99999.1774
99999.17463
99999.17281
99999.1702
99999.17008
99999.1693
99999.169291
99999.16735
99999.1666
99999.166591
99999.164782
99999.163
99999.163
99999.16189
99999.16114
99999.1600609
99999.1594
99999.159391
99999.1591418
99999.1585
99999.157582
99999.157582
99999.157573
99999.156691
99999.156673
99999.1555109
99999.1536
99999.153082
99999.1522
99999.15184
99999.151282
99999.1509609
99999.1508216
99999.150391
99999.150382
99999.150373
99999.15024
99999.14998
99999.1491409
99999.148591
99999.14812
99999.14812
99999.14808
99999.147664
99999.1471807
99999.1471508
99999.146773
99999.14648
99999.14648
99999.1455009
99999.1454918
99999.1453207
99999.14532
99999.1446
99999.1441
99999.144091
99999.14366
99999.143155
99999.1423
99999.142291
99999.1418518
99999.14161
99999.14161
99999.1406924
99999.14005
99999.1400227
99999.139582
99999.139564
99999.1391309
99999.1391218
0
