100000
99.199
99.149
98.7995
98.749
98.6985
98.504505
98.4985
98.4985
98.4495
98.4485
98.3995
98.399
98.306505
98.30601
98.2985
98.257005
98.158005
98.149
98.0985
98.0985
97.960005
97.949
97.948
97.811505
97.7995
97.749
97.7485
97.7475
97.712505
97.662015
97.60751
97.55851
97.4995
97.4995
97.498
97.498
97.465005
97.4495
97.31601
97.26451
97.248
97.21701
97.199
97.16602
97.098
97.0975
97.0975
97.047
97.01951
97.018515
97.018515
97.018515
96.97002
96.968025
96.9485
96.9475
96.92001
96.87153
96.8495
96.82253
96.820515
96.798
96.77402
96.77402
96.772005
96.77052
96.721515
96.721515
96.6995
96.67651
96.67602
96.67251
96.672015
96.6475
96.5495
0
