7
6.208291907626011
6.208241900677847
6.208192156871878
6.2081424073676335
6.208092652163806
6.208042891259093
6.207993662700051
6.207944428560175
6.207895188838199
6.207845943532856
6.207797230934161
6.207748782046593
6.207700327753577
6.207652137289396
6.207603941477282
6.207555740316044
6.207507533804497
6.207459321941453
6.207411104725724
6.20736288215612
6.207314788953786
6.207266690425084
6.207218721320971
6.207170746917943
6.207122767214831
6.207074782210463
6.207026791903667
6.206978796293271
6.206930795378103
6.206882789156991
6.20683477762876
6.206786760792238
6.2067387386462505
6.206690711189624
6.206642948283036
6.206595180122992
6.2065474067083395
6.20649962803792
6.206451844110579
6.206404054925157
6.206356530520385
6.206309000914496
6.206261466106352
6.206213926094813
6.206166380878742
6.206118830456997
6.20607127482844
0
