200000
100007.49064
100006.877552
100006.81306
100006.80104
100006.699873
100006.69346
100006.669535
100006.6505
100006.634545
100006.58368
100006.533856
100006.5196
100006.467202
100006.459728
100006.444
100006.43227
100006.43226
100006.34296
100006.334436
100006.333832
100006.2703014
100006.266672
100006.2303952
100006.20009
100006.1983592
100006.157359
100006.13568
100006.1102356
100006.0822
100006.037673
100006.0126876
100006.0000892
100005.999532
100005.97072
100005.954445
100005.89616
100005.89386
100005.8775892
100005.874795
100005.85648
100005.85599
100005.84527
100005.80604
100005.78298
100005.7816
100005.774028
100005.7633936
100005.7609428
100005.74574
100005.7321576
100005.719172
100005.71015
100005.69664
100005.665968
100005.655996
100005.65005
100005.64291
100005.616735
100005.607124
100005.604462
100005.6035188
100005.58984
100005.588009
100005.57373
100005.5709104
100005.561
100005.546016
100005.542475
100005.5142
100005.5071404
100005.49282
100005.478
100005.47248
100005.46546
100005.4627651
100005.4478029
100005.4109734
100005.40396
100005.400976
0
