200000
100095.137
100094.64551
100093.70902
100093.6355
100093.486015
100093.4675
100093.43502
100093.4165
100093.191525
100093.077
100092.9882849
100092.977
100092.933515
100092.8285
100092.7905
100092.789005
100092.57954
100092.576
100092.46302
100092.39402
100092.36801
100092.3248396
100092.26994
100092.2265
100092.2033
100092.18566
100092.15604
100092.122015
100092.093
100092.0
100091.92288
100091.89754
100091.81002
100091.804
100091.797015
100091.74207
100091.57056
100091.53
100091.4295
100091.393
100091.367005
100091.29043
100091.28749
100091.25025
100091.24357
100091.11354
100091.081
100091.00304
100090.99398
100090.987
100090.9753747
100090.87981
100090.8555
100090.8448
100090.75852
100090.71003
100090.681045
100090.6715
100090.64138
100090.61356
100090.59756
100090.58009
100090.53093
100090.39151
100090.3486745
100090.33951
100090.3365
100090.31755
100090.2918496
100090.2805
100090.27456
100090.2465
100090.23953
100090.2068896
100090.1699344
100090.1675
100090.1649098
100090.14736
100090.13872
0
