25000000
60017.0
59975.0
59933.0
59892.0
59851.0
59810.0
59770.0
59731.0
59692.0
59653.0
59614.0
59575.0
59537.0
59499.0
59461.0
59423.0
59385.0
59347.0
59309.0
59272.0
59235.0
59198.0
59161.0
59124.0
59087.0
59050.0
59013.0
58976.0
58939.0
58902.0
58865.0
58828.0
58791.0
58755.0
58719.0
58683.0
58647.0
58611.0
58575.0
58539.0
58503.0
58467.0
58431.0
58395.0
58359.0
58323.0
58287.0
58252.0
58217.0
58182.0
58147.0
58112.0
58077.0
58042.0
58007.0
57972.0
57937.0
57902.0
57867.0
57832.0
57797.0
57762.0
57727.0
57692.0
57658.0
57624.0
57590.0
57556.0
57522.0
57488.0
57454.0
0
