2500000000
15821054.912725607
15813029.769775506
15805067.984210707
15797129.496904507
15789222.399387207
15781338.145651007
15773473.408855706
15765620.728622207
15757793.340404406
15749970.051466107
15742148.396647807
15734328.771633007
15726514.742210908
15718701.187683808
15710894.156538406
15703092.692988306
15695309.735159406
15687552.884434806
15679802.184975507
15672057.114511108
15664328.034877406
15656601.712675907
15648879.746377107
15641171.580983007
15633464.011223007
15625757.826634707
15618058.152668307
15610370.792673508
15602685.689955408
15595000.692836907
15587324.418713907
15579654.336834108
15571985.588056207
15564322.245425107
15556663.158736607
15549008.150199806
15541356.105338708
15533709.764241207
15526064.504859507
15518420.108135106
15510784.719094606
15503149.826138806
15495519.233781908
15487889.694317607
15480277.119567607
15472684.458130607
15465107.182498608
15457530.664238408
15449954.600090707
15442382.754203608
15434819.150456108
15427257.189014908
15419706.430168208
15412161.827764306
15404617.376421707
15397078.785898408
15389545.383383207
15382022.756097708
15374501.052548207
15366980.144593807
15359461.254161807
15351942.556457907
15344425.252845606
15336928.260428607
15329437.579480907
15321949.132351806
15314464.939330406
15306983.705196707
15299506.431471607
15292037.294619907
15284573.580375304
0
