7
5.477973083613793
5.47795141089864
5.477929737101893
5.477909507248996
5.4778907215417885
5.477871935021957
5.477853147689432
5.477834359544142
5.477815570586016
5.4777967808149866
5.47777799023098
5.477759198833929
5.477740406623761
5.477723059246461
5.4777057111762115
5.477688362412959
5.477671012956647
5.4776536628072225
5.477636311964627
5.477618960428806
5.4776016081997065
5.477584255277271
5.477566901661444
5.47754954735217
5.477532192349393
5.477514836653061
5.477497480263114
5.4774801231795
5.477462765402162
5.477445406931046
5.477428047766093
5.477411009392425
5.477395187446885
5.477379824222494
5.477364632697172
5.477349440640435
5.477334296283525
5.477319537261995
5.477305067146115
5.477290596548094
5.477276125467898
5.477261653905498
5.47724744499325
5.477233536348483
5.477219683647369
5.477205933887682
5.4771922664019055
0
