7
5.824427196117209
5.824368813968655
5.82431201322702
5.824256135455946
5.824201790826391
5.824147783211257
5.824093945882845
5.824040300751299
5.823986696011212
5.823933243147787
5.82388006792547
5.823826927950916
5.823773864780174
5.8237211062829415
5.823668395758563
5.823615710480637
5.823563051397528
5.823510395780025
5.823457801255873
5.823405378718633
5.823353033652094
5.8233007817363625
5.82324862135721
5.823196584803619
5.823144666087026
5.823092851837887
5.823041101560989
5.822989349616187
5.822937600251165
5.822885957708267
5.8228344197897695
5.822782911200853
5.822731458266361
5.822680099426889
5.822628842182282
5.822577719241367
5.822526674748807
5.822475624809867
5.822424571050343
5.822373518566333
5.822322480715357
5.822271510489057
5.822220621373943
5.822169839685461
5.822119230990041
5.822068692083712
5.822018247109587
0
